emp_no,first_name,last_name,dept_name
10001,Georgi,Facello,Development
10018,Kazuhide,Peha,Development
10053,Sanjiv,Zschoche,Sales
10066,Kwee,Schusler,Development
10070,Reuven,Garigliano,Development
10072,Hironoby,Sidou,Development
10076,Erez,Ritzmann,Development
10088,Jungsoon,Syrzycki,Sales
10103,Akemi,Birch,Development
10129,Armond,Peir,Development
10134,Diederik,Siprelle,Development
10150,Zhenbing,Perng,Development
10153,Heekeun,Majewski,Development
10157,Nigel,Aloisi,Development
10198,Pranav,Furedi,Development
10215,Xiaobin,Duclos,Sales
10258,Basil,Ishibashi,Development
10283,Kauko,Birjandi,Development
10355,Satyanarayana,Cochrane,Sales
10396,Sibyl,Rahier,Development
10404,Prodip,Rosti,Development
10426,Arunas,Luce,Development
10429,Martien,Improta,Development
10463,Ung,Zaiane,Sales
10504,Xiong,Varker,Sales
10548,Ramalingam,Gunderson,Sales
10623,Aleksander,Danlos,Development
10628,Krisda,Krogh,Development
10631,Inderjeet,Chaudhuri,Development
10642,Hirochika,Narlikar,Development
10653,Otmar,Feinberg,Development
10676,Valeri,Danley,Development
10702,Bader,Szemeredi,Development
10718,Adib,Rullman,Development
10726,Zita,Minakawa,Development
10767,Monique,Doering,Sales
10791,Tadahiko,Sgarro,Development
10795,Supot,Naudin,Sales
10808,Chenxi,Leijenhorst,Development
10836,Jianhua,Leivant,Sales
10844,Dipayan,Koprowski,Development
10878,Lakshmi,Deville,Sales
10879,Muzhong,Chleq,Development
10909,Georgi,Atchley,Development
10924,Hironoby,Atchley,Sales
10943,Berna,Skafidas,Development
10965,Eckart,Braunschweig,Sales
10969,Premal,Noriega,Development
10974,Muneo,Papsdorf,Development
10986,Masako,Schiper,Development
10988,Chinya,Deyuan,Development
10990,Shin,Foote,Development
11009,Alper,Axelband,Sales
11019,Leon,Huttel,Development
11042,Gou,Breugel,Development
11048,Jaques,Demke,Sales
11106,Aris,Iwayama,Development
11121,Vugranam,Kakkad,Development
11137,Hugh,Luca,Development
11146,Ishfaq,Masand,Sales
11162,Kauko,Narlikar,Development
11180,Mitsuyuki,Bojadziev,Development
11197,Tadahiro,Fordan,Sales
11207,Saeed,Gips,Development
11240,Kiam,Condotta,Development
11249,Randi,Cyre,Development
11275,Hitomi,Eppinger,Development
11290,Visit,Dredge,Development
11319,Pranas,Marrakchi,Development
11338,Kwangsub,Hanratty,Sales
11347,Anneli,Jonsson,Development
11380,Kenroku,Pelc,Development
11404,Bedrich,Borovoy,Development
11441,Marlo,Aingworth,Sales
11506,Rance,Picel,Sales
11509,Aleksander,Feldhoffer,Development
11515,Ulf,Basawa,Sales
11524,Xiadong,Standera,Development
11537,DAIDA,Pehl,Sales
11567,Teiji,Mitzlaff,Sales
11568,Martins,Fujisaki,Development
11615,Shem,Isaak,Sales
11628,Fan,Malinowski,Development
11640,Valeri,Coorg,Development
11647,Magy,Nitsche,Development
11660,Gill,Stenning,Sales
11696,Dante,Rothe,Sales
11746,Koichi,Marrakchi,Sales
11769,Chandrasekaran,Lampe,Development
11772,Gaurav,Penz,Development
11797,Chenxi,Thambidurai,Sales
11810,Amabile,Bhattacharjee,Development
11817,Niranjan,Markovitch,Sales
11832,Arto,Zlotek,Development
11844,Shawna,Demeyer,Development
11857,Divier,Farrag,Sales
11871,Nalini,Sommen,Development
11894,Mitchel,Validov,Development
11897,Cordelia,Setlzner,Sales
11906,Hideo,Boguraev,Development
11933,Basil,Erman,Development
11983,Jaana,Hedayat,Development
12011,Zhilian,Coorg,Sales
12036,Mads,Ratzlaff,Sales
12069,Ayonca,Burnard,Development
12070,Ger,Shokrollahi,Development
12076,Karlis,Siprelle,Sales
12082,Xinan,Yamaashi,Sales
12099,Nobuyoshi,Kuzuoka,Sales
12125,Shounak,Erman,Development
12149,Suebskul,Grandbois,Sales
12159,Shem,Perly,Development
12165,Xiaobin,Maquelin,Development
12205,Sushant,Rossi,Development
12206,Barton,Janetzko,Development
12221,Vincent,Melter,Development
12247,Subbu,Penttonen,Development
12249,Eldridge,Sadowski,Development
12264,Mart,Pagter,Development
12311,Susanne,Lubachevsky,Development
12327,DAIDA,Bruckman,Development
12341,Rasiah,Luga,Development
12373,Mooi,Driscoll,Sales
12399,Mihalis,Luga,Sales
12411,Shao,Ibel,Sales
12454,Kerryn,Farris,Sales
12464,Shai,Milicic,Sales
12475,Filipe,Roison,Development
12489,Arnould,Munck,Development
12490,Jackson,Muchinsky,Development
12497,Stein,Penz,Sales
12514,Tomofumi,Melter,Development
12541,Shih,Nanard,Sales
12589,Anoosh,Chleq,Development
12601,Ghassan,Simkin,Development
12638,Yuqun,Seiwald,Development
12651,Pragnesh,Bael,Sales
12662,Leucio,Alvarado,Development
12663,Nobuyoshi,Stellhorn,Development
12664,Zhonghua,Parveen,Sales
12689,Luerbio,Boudaillier,Development
12709,Ronghao,Botman,Development
12726,Fumitake,Panwar,Development
12732,Mara,Takanami,Sales
12734,Gil,Frijda,Development
12773,Jenwei,Lovengreen,Development
12790,Gunilla,Perl,Sales
12798,Lillian,Beeson,Sales
12803,Gad,Boissier,Sales
12848,Kazuhide,Smeets,Development
12872,Marl,Schmittgen,Sales
12879,Baruch,Eugenio,Development
12890,Neven,Casley,Sales
12893,Licheng,Crouzet,Sales
12905,Munehiro,Gecsei,Development
12940,Odinaldo,Farrar,Development
12941,Tommaso,Perelgut,Development
12949,Geoff,Asrin,Development
12977,Byong,Markovitch,Development
13047,Atilio,Chelton,Development
13075,Rosella,Morrin,Sales
13076,Deniz,Skafidas,Development
13103,Srinidhi,Ellozy,Development
13124,Quingbo,Garnick,Sales
13146,Haldon,Erie,Sales
13147,Shichao,Ginesta,Sales
13156,Akeel,Millington,Development
13173,Arve,Horswill,Sales
13179,Moty,Janocha,Sales
13186,Kyoichi,Barbanera,Sales
13192,Rosita,Flowers,Development
13210,Jianhua,Klassen,Sales
13213,Hein,Billawala,Sales
13232,Mitchel,Fujisaki,Development
13233,Alselm,Chvatal,Development
13238,Ebru,Foote,Sales
13240,King,Pileggi,Development
13291,Georg,Stamatiou,Development
13302,Mack,Alencar,Development
13315,Sakthirel,Stroustrup,Development
13333,Yoshinari,Hennebert,Development
13386,Khosrow,Sgarro,Development
13392,Fumitake,Beidas,Sales
13402,Augustine,Dulli,Development
13405,Randy,Baba,Sales
13493,Uinam,Jullig,Development
13504,Parto,Mandell,Development
13524,Chaoyi,Porotnikoff,Sales
13549,Matk,Koprowski,Development
13576,Jungsoon,Engberts,Development
13605,Dmitry,Encarnacion,Sales
13621,Fei,Haddadi,Development
13629,Dzung,Trelles,Development
13670,Moti,Takanami,Development
13680,Denny,Speer,Sales
13685,Weicheng,Hockney,Development
13697,Shuichi,Weedon,Development
13721,Sugwoo,Delgrossi,Sales
13738,Bangqing,Mitchem,Development
13769,Yakichi,Trogemann,Sales
13775,Arve,Maierhofer,Sales
13786,Takushi,Berendt,Sales
13796,Paloma,Thorelli,Development
13859,Anoosh,Fujisawa,Development
13904,Youngkon,Cairo,Development
13934,Shiv,Bratsberg,Development
13942,Elzbieta,Esteva,Development
13951,Mooi,Genther,Sales
13969,Jianwen,Chandrasekhar,Development
13990,Deborah,Schapiro,Development
14005,Vojin,Stellhorn,Development
14191,Jiann,Luby,Development
14232,Masali,Bojadziev,Development
14310,Marlo,Leuchs,Sales
14322,Shem,Kakkad,Development
14354,Mong,Bojadziev,Sales
14372,Saniya,Srimani,Development
14384,Tomofumi,Holburn,Development
14434,Elvis,Maginnis,Development
14478,Munehiro,Boissier,Sales
14483,Supot,Marrevee,Development
14513,Samphel,Barreiro,Sales
14516,Kristian,Underwood,Sales
14552,Ibibia,Snyers,Development
14560,Elrique,Driscoll,Development
14581,Gao,Condotta,Development
14582,Kiyokazu,Morrin,Development
14603,Lech,Marquardt,Development
14607,Suzette,Selvestrel,Sales
14621,Souichi,Wixon,Sales
14639,Arvind,Hempstead,Sales
14640,Toshimori,Kornatzky,Development
14642,Florian,Kuhnemann,Development
14645,Laurentiu,Glinert,Development
14648,IEEE,Lorys,Sales
14690,Yechezkel,Bellone,Development
14793,Stein,Uchoa,Development
14817,Gaurav,Masaki,Development
14821,Oguz,Kilgore,Development
14839,Changho,Cronin,Development
14853,Taiji,Nergos,Development
14877,Arto,Meriste,Development
14879,Anyuan,Sigstam,Development
14888,Temple,Barriga,Sales
14899,Alejandro,Casley,Sales
14908,Kerhong,Flanders,Development
14909,Mohan,Kamble,Development
14914,Gretta,Benzaken,Development
14923,Shuzo,Gyorkos,Development
14941,Nathan,Lichtner,Development
14954,Fox,Magliocco,Development
14993,Sanjay,Koblitz,Development
15030,Rasikan,Nourani,Sales
15036,Ziva,Delgrande,Development
15066,Tomokazu,Oaver,Development
15071,Ayonca,Couchot,Sales
15082,Guadalupe,Zirintsis,Development
15089,Giri,Coney,Development
15105,Sudhanshu,Itzigehl,Sales
15114,Pantung,Honglei,Development
15134,Arun,Luiz,Sales
15151,Urs,Pouyioutas,Sales
15176,Charlene,Sankaranarayanan,Sales
15193,Neelam,Schach,Development
15196,Souichi,Duclos,Development
15202,Pranay,Irland,Development
15230,Keiichiro,Suessmith,Development
15234,Jouko,Zhiwei,Development
15237,Reinhard,Sadowsky,Development
15271,Shiv,Bernardeschi,Sales
15292,Miyeon,Lammel,Sales
15329,Fan,Openshaw,Development
15330,Jaroslava,Chinal,Sales
15365,Mikhail,Schiettecatte,Development
15369,Premal,Penttonen,Sales
15370,Chuanyi,Nilsson,Development
15372,Nahum,Broder,Sales
15377,Shugo,Aumann,Development
15382,Alassane,Siegrist,Sales
15392,Pradeep,Markovitch,Development
15410,Wilmer,Kushner,Sales
15412,Huai,Thiria,Development
15452,Kazuhira,Weedman,Development
15454,Hongzue,Cesareni,Sales
15474,Gilbert,Plumb,Sales
15480,Kwok,Trogemann,Development
15504,Kasturi,Alpin,Development
15510,Inderjeet,Sethi,Development
15511,George,Kowalchuk,Sales
15518,Uno,Valtorta,Development
15525,Masadi,Cherinka,Development
15548,Sanjai,Caine,Development
15566,Baoqiu,Azuma,Sales
15601,Carrsten,Anily,Sales
15703,Chenye,Hanratty,Development
15708,Reuven,Kushnir,Sales
15715,Insup,Ibel,Sales
15739,Poorav,Bahr,Development
15740,Stepehn,Pocchiola,Sales
15765,Tonny,Taubenfeld,Development
15799,Manton,Gelosh,Sales
15819,Magdalena,Rajcani,Sales
15821,Aleksander,Antonakopoulos,Development
15876,Munehiro,Vakili,Development
15889,Sasan,Azumi,Development
15938,Garnik,Covnot,Sales
15948,Karoline,Versino,Development
15971,Arumugam,Aloia,Development
15993,Yoshimitsu,Peir,Development
16019,Chaoyi,Heystek,Development
16025,Doowon,Luce,Development
16052,Maria,Rodham,Development
16066,Marsha,Penn,Sales
16076,Marko,Ebeling,Development
16077,Kannan,Heemskerk,Development
16086,Mohammad,Denos,Development
16094,Berto,Rosar,Development
16130,Kerryn,Belinskaya,Development
16134,Annemarie,Chaudhuri,Development
16185,Marin,Winter,Development
16201,Krassimir,Olano,Development
16233,Sushant,Baba,Sales
16266,Mikhail,Sethi,Sales
16272,Shuho,Zeleznik,Development
16355,Nikolaos,Luca,Sales
16364,Yifei,Gini,Sales
16398,Limsoon,Krzyzanowski,Sales
16399,Apostol,Collette,Sales
16446,Jouko,Chinin,Sales
16447,Zhiguo,Savasere,Development
16448,Tsvetan,Zwicker,Development
16487,Arunas,Yemenis,Sales
16490,Muzhong,Thiria,Sales
16504,Mong,Cromarty,Development
16537,Weidon,Seiwald,Development
16546,Sangeeta,Lanphier,Development
16551,Sadegh,Ranon,Development
16556,Mostafa,Hiltgen,Development
16607,Vishwani,Honglei,Sales
16619,Arvind,Boguraev,Development
16672,Georgi,Peris,Sales
16674,Duke,Takanami,Development
16679,Domenick,Cummings,Development
16716,Ramachenga,Zumaque,Development
16731,Domenico,Versino,Development
16759,Vojin,Masaki,Development
16799,Shigeichiro,Bamford,Development
16801,Gila,Strooper,Development
16803,Ziva,Rohrbach,Development
16806,Sreekrishna,Dayana,Sales
16808,Kiyokazu,Katiyar,Sales
16875,Nikolaos,Radhakrishnan,Development
16910,Kazunori,Botman,Development
16921,Evgueni,Yeung,Sales
16969,Sanjit,Braccini,Development
16993,Hongzue,Dahlbom,Sales
17012,Valdiodio,Petereit,Development
17018,Berhard,Tasistro,Development
17046,Fay,Kornyak,Development
17055,Marin,Wixon,Development
17063,Anoosh,Thiran,Sales
17066,Heping,Ruther,Development
17068,Bodh,Gopalakrishnan,Development
17089,Rafail,Erman,Sales
17098,Xuedong,Gelosh,Development
17101,Sandeepan,Compeau,Development
17102,Radhika,Garnick,Sales
17103,Takahiro,Feldmann,Development
17146,Aemilian,Barbanera,Sales
17159,Quingbo,Mitchem,Development
17163,Yurii,Papsdorf,Development
17222,Leen,Muchinsky,Development
17235,Ronnie,Rissanen,Development
17245,Neven,Milicia,Sales
17260,Abdulah,Famili,Development
17277,Arnd,Hopewell,Development
17326,Arumugam,Ramsay,Development
17329,Shaunak,Tyugu,Development
17339,Fan,Mullainathan,Development
17352,Muneo,Katiyar,Sales
17355,Mingzeng,Weisert,Development
17436,Chirstian,Munawer,Sales
17448,Makato,Belinskaya,Development
17468,Abdelghani,Irland,Sales
17487,Gully,Staudhammer,Development
17512,Frederique,Hofmeyr,Development
17520,Shahab,Keohane,Development
17539,Cathie,Uhrik,Development
17559,Annemarie,Papastamatiou,Development
17573,Berthier,Deverell,Sales
17582,Kauko,Spieker,Development
17629,Mostafa,Winter,Sales
17647,Vasilis,Swab,Sales
17674,Adib,Braccini,Development
17677,Mingdong,Ramalingam,Development
17683,Bernt,Henders,Sales
17699,Radhia,Heping,Development
17711,Owen,Katiyar,Development
17745,Hatem,Schreiter,Development
17791,Matt,Stifter,Sales
17815,Shuji,Wissmann,Development
17834,Zhilian,Fiutem,Development
17840,Tonny,Sherertz,Development
17869,Xiaocheng,Prochazka,Development
17874,Rutger,Minakawa,Sales
17891,Isaac,Luiz,Development
17900,Sakthirel,Belinskaya,Development
17916,Sukumar,Morrin,Development
17973,Sanjit,Beidas,Development
17986,Oguz,Angelopoulos,Sales
18006,Vidya,Hanabata,Sales
18013,Jiong,Shanbhogue,Development
18016,Somnath,Kaminger,Sales
18018,Sasan,Schrooten,Sales
18065,Chriss,Wroclawski,Sales
18080,Satyanarayana,Rosar,Development
18099,Kazuhiko,Fendler,Development
18108,Sanjai,Genin,Sales
18134,Ult,Pesch,Development
18138,Moni,Baezner,Development
18210,Mabo,Radhakrishnan,Development
18261,Shridhar,Baak,Development
18274,Yefim,Karnin,Sales
18297,Guther,Nastansky,Sales
18310,Ioana,Dalton,Development
18316,Hongzue,Msuda,Development
18323,Oddvar,Tiemann,Development
18382,Remko,Mattern,Development
18401,Vidya,Itzfeldt,Sales
18443,Florina,Swick,Sales
18448,Rosine,Bazelow,Development
18454,Eric,Anido,Sales
18468,Kirk,Cunliffe,Development
18511,Pascal,Marzano,Development
18542,Tiina,Anido,Development
18571,Xinglin,Flowers,Development
18581,Mitsuyuki,Ranai,Sales
18664,Itzchak,Akaboshi,Sales
18666,Hitofumi,Baja,Development
18671,Shan,Nastansky,Development
18673,Ohad,Orlowski,Development
18679,Roded,Lambe,Sales
18701,Mori,Ratnakar,Sales
18706,Debaprosad,Schicker,Sales
18725,Cullen,Marchegay,Sales
18728,Tzvetan,Luft,Development
18771,Domenick,Haraldson,Sales
18775,Shay,Akazan,Development
18786,Guozhong,Veevers,Development
18789,Reinhold,Domenig,Sales
18790,Florina,Rahier,Development
18809,Laurentiu,Munoz,Sales
18833,Roded,Majewski,Development
18835,Uwe,Lieblein,Development
18888,Sajjan,Stassinopoulos,Development
18921,Maren,Radwan,Development
18927,Muneo,Msuda,Development
18933,Barun,Panienski,Development
18980,Weiye,Kawashimo,Development
18994,Leszek,Mitsuhashi,Sales
19006,Martina,Hempstead,Development
19012,Gal,Panangaden,Sales
19014,Jiafu,Danecki,Sales
19029,Khosrow,Jiang,Development
19031,Rosella,Pollock,Sales
19048,Nikolaus,Radhakrishnan,Sales
19051,Marek,Cappello,Development
19089,Badri,Ellozy,Development
19109,Jenwei,Denis,Sales
19120,Giri,Qiwen,Development
19134,Seongbin,Bakhtari,Sales
19147,Chaitali,Bennis,Sales
19160,Tetsurou,Jervis,Sales
19192,Yinlin,Schusler,Development
19201,Arto,Sommen,Sales
19205,Moto,Sinitsyn,Sales
19259,Anoosh,Pelc,Development
19294,IEEE,Schoegge,Development
19310,Bouchung,Guerreiro,Development
19318,Xianlong,Halevi,Sales
19333,Sanjeeva,Schrooten,Development
19353,Mayumi,Schaar,Development
19381,Xiahua,Holburn,Sales
19419,Palash,Bernardeschi,Sales
19425,Xuejia,Pettey,Development
19487,Huiqun,Cannane,Development
19488,Maris,Perly,Development
19515,Keiichiro,Gurbaxani,Development
19543,Chaitali,Perl,Development
19580,Stein,Tagansky,Sales
19586,Hirochika,Minakawa,Development
19616,Niranjan,Uchoa,Development
19621,Radhakrishnan,Albarhamtoshy,Development
19624,Younwoo,Wolniewicz,Sales
19629,Stepehn,Matzke,Sales
19633,Tayeb,Nourani,Development
19634,Phuoc,Etalle,Sales
19637,Dipayan,Papastamatiou,Development
19653,Gay,Crooks,Development
19663,Sverrir,Navazio,Sales
19665,Khalid,Zielinski,Development
19669,Shem,Honiden,Sales
19675,Isamu,Herath,Sales
19678,Xiping,Plotkin,Development
19708,Ortrud,Biros,Sales
19720,Kwangyoen,Maksimenko,Development
19723,Xuejun,Magalhaes,Sales
19724,Visit,Hasham,Sales
19728,Candido,Ramsey,Sales
19744,Aleksander,Skafidas,Development
19758,Rildo,Birdsall,Development
19777,Halsur,Ferretti,Sales
19826,Fox,Christ,Sales
19839,Tadahiro,Hempstead,Development
19841,Adil,Straney,Sales
19849,Weicheng,Serre,Sales
19874,Xuejia,Kuzuoka,Sales
19940,Reinhard,Einsfeld,Sales
19950,Jaroslava,Kusakari,Development
19955,IEEE,Conry,Sales
19975,Mabry,Geffroy,Development
20006,Geoff,Birnbaum,Development
20013,Jaewoo,Lanphier,Development
20022,Felicidad,Bellone,Development
20037,Tse,VanScheik,Development
20042,Margareta,Munck,Sales
20043,Chikara,Adachi,Development
20059,Pranay,Panwar,Development
20060,Chrisa,Attimonelli,Development
20075,Mikhail,Oberman,Development
20148,Ibibia,Polupanov,Sales
20169,Gil,Zuberek,Development
20170,Emdad,Himler,Sales
20181,Thodoros,Wegerle,Sales
20245,Halsur,Fujisawa,Development
20251,Cristinel,Unno,Development
20266,Ekawit,Kakkad,Sales
20284,Monique,Parascandalo,Development
20305,Gou,Birnbaum,Sales
20325,Katsuyuki,England,Sales
20334,Miquel,Frijda,Development
20339,Masami,Jumpertz,Development
20367,Bernt,Takanami,Development
20392,Terresa,Sidje,Development
20408,Debatosh,Smailagic,Development
20435,Oguz,Homond,Sales
20450,Abdelwaheb,Binkley,Development
20454,Nidapan,Gunderson,Development
20456,Sigeru,Highland,Development
20489,Boguslaw,Garrabrants,Development
20490,Soenke,Douceur,Development
20494,Lucien,Pagter,Sales
20498,Suvo,Gini,Development
20530,Nevio,Katiyar,Development
20534,Rosita,Kalloufi,Sales
20545,Woody,Chaudhury,Sales
20550,Koichi,Kabayashi,Development
20585,Bernd,Butterworth,Development
20621,Arumugam,Navazio,Sales
20624,Xiong,Nanard,Development
20651,Alexius,Vickson,Development
20666,Shushma,Linares,Development
20693,Yefim,Flasterstein,Development
20708,Aemilian,Arlazarov,Sales
20728,Billie,Sessa,Sales
20765,Steve,Viele,Sales
20793,Pranav,Luft,Development
20794,Shaz,Rathonyi,Development
20813,Srinidhi,Sinicrope,Sales
20836,Jingling,Alameldin,Sales
20903,Yagil,Kemmerer,Development
20923,Menkae,Miara,Sales
20958,Ashish,Eiron,Development
20964,Clyde,Erez,Sales
20968,Nimmagadda,Rijsenbrij,Development
20974,Hisao,Yavatkar,Sales
20979,Pradeep,Kumaresan,Sales
21007,Christfried,Junet,Sales
21109,Lech,Chenoweth,Development
21110,Shaowei,Solares,Sales
21133,Carrsten,Brizzi,Sales
21138,Niteen,Haraldson,Sales
21143,Mayumi,Hennings,Sales
21165,Mingdong,Pfau,Development
21192,Sajjad,Krohm,Development
21214,Weiru,Angelov,Development
21229,Vasilis,Collavizza,Development
21251,Fatemeh,Riexinger,Development
21288,Nechama,Wendorf,Development
21312,Mani,Bahi,Development
21321,Laurentiu,Raney,Development
21361,Shooichi,Lally,Sales
21396,Shaw,Manderick,Development
21402,Guadalupe,Gecsei,Development
21409,Hongzhu,Yoshimura,Sales
21413,Laurentiu,Sherertz,Sales
21421,Avishai,Yoshizawa,Sales
21432,Kerhong,Weisert,Sales
21523,Eldridge,Lores,Development
21542,Miomir,Sherertz,Sales
21547,Fatemeh,Crooks,Development
21548,Maren,Gimbel,Development
21555,Uinam,Biron,Development
21566,Angel,Demos,Sales
21580,Debatosh,Morton,Development
21588,Licheng,Masamoto,Sales
21609,Sibyl,Pappas,Sales
21612,Martial,Bardell,Sales
21639,Caolyn,Domenig,Development
21642,Shaz,Erman,Development
21643,Yuuichi,Maksimenko,Development
21648,Mayuko,Fandrianto,Sales
21663,Eberhardt,Serra,Development
21674,Kannan,Naumovich,Development
21683,Jiang,Velasco,Sales
21693,Palash,Schurmann,Sales
21697,Billur,Luke,Sales
21705,Aleksandar,Luon,Sales
21751,Uinam,Savasere,Development
21754,Kenroku,Jonsson,Development
21758,Susumu,Picht,Sales
21820,Sanjay,Khasidashvili,Sales
21835,Mang,Luck,Development
21859,Padma,Swen,Development
21877,Brigham,Biran,Development
21897,Sampalli,Kavanagh,Sales
21908,Fen,Parfitt,Development
21920,Naftali,Schneeberger,Development
21980,Gen,Miyakawa,Sales
21987,Dipankar,Fontet,Sales
21994,Lech,Babb,Sales
22012,DeForest,Armand,Development
22023,Mart,Vidya,Sales
22024,Weidon,Flexer,Development
22072,Kasturi,Pettit,Development
22095,Breannda,Schlumberger,Sales
22111,Rasiah,Felcyn,Sales
22136,Naftali,Thiran,Sales
22140,Susanne,Reghbati,Sales
22150,Kristina,Zweizig,Sales
22179,Rosine,Garnick,Sales
22180,Iara,Luef,Development
22234,Arno,Narwekar,Development
22255,Kristian,Merel,Development
22326,Mani,Skafidas,Sales
22370,Aloys,Oxenboll,Sales
22372,Mitchel,Bugrara,Development
22374,Soenke,Klassen,Sales
22375,Snehasis,Kulisch,Development
22381,Uma,Openshaw,Sales
22405,Gritta,Parveen,Sales
22429,Franziska,Terekhov,Development
22437,Xiaoqiu,Orsini,Development
22520,Mokhtar,Ranka,Development
22536,Sukumar,Andreotta,Development
22557,Abdulla,Luon,Sales
22593,Danae,Jeansoulin,Sales
22596,Slavian,Wegerle,Development
22609,Zvonko,Baalen,Sales
22649,Reuven,Driscoll,Development
22682,Kristina,Ananiadou,Development
22691,Morris,Bottner,Sales
22702,Faiza,Reeken,Development
22716,Sreekrishna,Waymire,Development
22720,Olivera,Gornas,Sales
22728,Makato,Codenie,Sales
22749,Snehasis,Famili,Development
22758,Mabry,Rijckaert,Sales
22766,Yishay,Jumpertz,Development
22783,Takahiro,Beerel,Sales
22786,Moss,Usdin,Sales
22838,Brendon,Markovitch,Development
22855,Shalesh,Thimonier,Development
22863,Petter,Denna,Sales
22873,Ebbe,Ashish,Sales
22886,Gudjon,Templeman,Development
22894,Muzhong,Casley,Sales
22897,Weiru,Heering,Development
22910,Shawna,Cummings,Sales
22917,Adas,Pfau,Development
22919,Georg,Skogmar,Development
22923,Kristof,Laventhal,Development
22928,Sanjeeva,Angot,Development
22934,Parviz,Plumb,Sales
22947,Herbert,Schmiedel,Development
23007,Hyuckchul,Spell,Development
23023,Premsyl,Lenart,Development
23026,Junichi,Lortz,Development
23034,Josyula,Rosca,Development
23068,Eldridge,Brlek,Development
23086,Nathan,Lemarechal,Development
23095,Muneo,Woycyznski,Development
23104,Tadanori,Anido,Development
23138,Pascal,Kaelbling,Development
23151,Ortrun,Lunt,Development
23195,Mark,Ertl,Sales
23197,Marjo,Ducloy,Development
23252,Dzung,Simkin,Development
23269,Aamer,Szmurlo,Development
23290,Parviz,Papsdorf,Sales
23300,Froduald,Schauser,Sales
23314,Krassimir,Demizu,Sales
23330,Aloke,Cooley,Development
23342,Xinglin,Berendt,Development
23347,Kwun,Rosaz,Development
23362,Youjian,Yurek,Sales
23370,Morris,Bodoff,Sales
23398,Georgy,Marwedel,Development
23404,Anneli,Gini,Development
23406,Masadi,Masada,Sales
23448,Gil,Unno,Development
23454,Heejo,Felcyn,Sales
23466,Chikara,Anandan,Development
23480,Dannz,Busillo,Sales
23532,Duke,Bardell,Sales
23538,Bernardo,Pargaonkar,Development
23592,Marek,Templeman,Sales
23620,Clyde,Reeker,Sales
23633,Jinpo,Nyrup,Sales
23640,Leucio,Mamelak,Development
23642,Kwangjo,Pusterhofer,Development
23676,Sham,Openshaw,Sales
23677,Rafael,Sevcikova,Sales
23691,Satoru,Stille,Development
23692,Aris,Merey,Development
23703,Prodip,Thimonier,Sales
23707,Yoshimitsu,Ananiadou,Development
23753,Karsten,Isaac,Development
23761,Jouni,Menhardt,Sales
23777,Juichirou,Kilgore,Development
23784,Aiman,Merli,Development
23791,Boguslaw,Pavlopoulou,Sales
23817,Duri,Coorg,Sales
23822,Faiza,Rosar,Development
23842,Genevieve,Birdsall,Development
23857,Kristen,Frijda,Development
23860,Malu,Kumaresan,Sales
23868,Trygve,Reistad,Sales
23872,Cedric,Ranst,Development
23877,Tesuro,Motley,Sales
23883,Dayanand,Ozery,Development
23924,Shakhar,Solovay,Development
23932,Lubomir,Harbusch,Development
23940,Jingling,Haldar,Development
23946,Carrsten,Streit,Sales
23952,Valdiodio,Oehlmann,Sales
23963,Goo,Soloway,Development
23969,Elgin,Sullins,Development
24056,Gladys,Shrader,Sales
24118,Elliott,Monarch,Sales
24140,Basem,Thombley,Development
24153,Lidong,Anger,Sales
24156,Bangqing,Willoner,Development
24166,Niranjan,Chinal,Sales
24178,Jouko,Sherertz,Development
24182,Teunis,Antonisse,Development
24199,Iara,Bach,Development
24209,Hilary,Msuda,Development
24224,Vasilis,Kinley,Development
24225,Shugo,Eiter,Sales
24256,Salvador,Clemencon,Development
24260,Atilio,Brookman,Development
24269,Prodip,Peron,Development
24334,Zhilian,Brookman,Sales
24383,Aksel,Erev,Development
24388,Zhilian,Milicic,Sales
24389,Kenroku,Shimshoni,Development
24397,Shaibal,Shimshoni,Sales
24429,Murthy,Anger,Sales
24457,Alain,Merkl,Development
24459,Masako,Puoti,Development
24460,Yinghua,Lanphier,Sales
24497,Jackson,Rando,Development
24508,Uzi,Penn,Development
24522,Shunichi,Hopewell,Sales
24525,Ronnie,Gelosh,Development
24526,Ayonca,Sudbeck,Development
24534,Berni,Morton,Development
24588,Huiqun,Kranzdorf,Sales
24596,Ayonca,Stranks,Sales
24613,Hitofumi,Stifter,Sales
24617,Ramachenga,Cullers,Development
24657,Berna,Silva,Development
24680,Garnet,Takkinen,Development
24696,Ohad,Munoz,Development
24720,Owen,Zirintsis,Development
24725,Yechezkel,Openshaw,Sales
24728,Margo,Trumbly,Development
24746,Tianruo,Tsukuda,Sales
24752,Fan,Mersereau,Development
24790,Kiyokazu,Chachaty,Sales
24793,Kristen,Brizzi,Sales
24862,Susumu,Muntz,Sales
24872,Oguz,Decaestecker,Sales
24888,Murthy,Felder,Sales
24909,Constantine,Garrabrants,Sales
24915,Morris,Liedekerke,Development
24925,Gennady,Thebaut,Development
24932,Charmane,Erbe,Sales
24934,Carrsten,Bruckman,Development
24937,Syozo,Carrera,Development
24939,Shuho,Angot,Development
24963,Cathie,Redmiles,Development
24976,Khun,Vakili,Sales
24985,Martins,Bottner,Sales
25003,Dietrich,Benzmuller,Sales
25004,Youpyo,Schurmann,Development
25007,Dipankar,Showalter,Development
25016,Danny,Asrin,Development
25022,Zengping,Hiroyama,Sales
25046,Mart,Cyre,Development
25050,Jahangir,Fraisse,Development
25085,Tran,Usery,Sales
25108,Wanqing,Eterovic,Development
25112,Muneo,Haraldson,Sales
25138,Guadalupe,Marrakchi,Development
25139,Aloke,Jiang,Development
25145,Serge,Ashish,Development
25167,Flemming,Delaune,Development
25220,Shuho,Mullainathan,Development
25254,Matt,Peek,Development
25282,Gladys,Papadias,Development
25302,Susanna,Minakawa,Development
25308,Abdelaziz,Mayerwieser,Development
25327,Mohamadou,Miculan,Development
25335,Etsuo,Itzfeldt,Development
25339,Brewster,Bale,Development
25370,Jagoda,Puoti,Sales
25371,Goh,Ishibashi,Sales
25376,Nathan,Panienski,Development
25462,Vasilii,Rohrbach,Development
25475,Flemming,Fujisaki,Development
25495,Stein,Lakshmanan,Development
25504,Pramod,Servi,Development
25520,Sajjad,Rubsam,Development
25521,Chanjung,Raney,Development
25537,Akeel,Ibel,Sales
25547,Krassimir,Ranum,Development
25550,Shaz,Haddadi,Development
25562,Bernardo,Menhardt,Sales
25599,Masoud,Pillow,Sales
25600,Jinpo,McClurg,Sales
25603,Kwangsub,Desikan,Sales
25632,Arunachalam,Ramamoorthy,Development
25643,Adin,Peak,Sales
25644,Kwangho,Straney,Sales
25656,Eben,Narwekar,Development
25673,Ottavia,Azulay,Development
25717,Froduald,Speek,Sales
25755,Aria,Setiz,Development
25765,Demin,Suermann,Development
25771,Sibyl,Passino,Development
25772,Greger,Marrevee,Sales
25777,Leucio,Famili,Development
25790,Suebskul,Plump,Development
25797,Morrie,Nooteboom,Development
25835,Maria,Poehlman,Development
25841,Shahab,Ernst,Sales
25862,Khaled,Tasistro,Development
25873,Yakichi,Codenie,Development
25880,Zhanqiu,Pintelas,Development
25918,Yoshimitsu,Iisaka,Development
25935,Berhard,Parascandalo,Sales
25963,Jiakeng,Fandrianto,Sales
25972,Demos,Escriba,Development
25979,Monique,Yemenis,Development
25992,Divier,Bugrara,Sales
26005,Ohad,Vidya,Development
26037,Radhika,Gadepally,Development
26053,Heekeun,Szmurlo,Sales
26086,Turgut,Beutelspacher,Sales
26113,Larisa,Brandsma,Sales
26119,Akeno,Vesna,Development
26121,Ipke,Krichel,Development
26144,Kamakshi,Khasidashvili,Development
26162,Yechiam,Grospietsch,Development
26172,Sedat,Bahr,Sales
26192,Geoffry,Tetzlaff,Development
26252,Haldun,Flowers,Sales
26272,Zorica,Marakhovsky,Development
26283,Abdulla,Feldmann,Development
26289,Baoqiu,Michaels,Development
26300,Marin,Gomatam,Development
26317,Valdiodio,Weedman,Sales
26344,Duke,Sabnani,Sales
26369,Kiyotoshi,Sewelson,Development
26378,Huiqun,Streng,Development
26379,Falguni,Hutton,Development
26385,Brigham,Peral,Development
26391,Baoqiu,Kermarrec,Sales
26396,Jinxi,Bresenham,Development
26486,Taegyun,Simkin,Development
26488,Zdislav,Perly,Sales
26543,Zhonghua,Koyama,Development
26623,Berni,Barbanera,Sales
26639,Guadalupe,Weiland,Sales
26682,Yucai,Baezner,Sales
26683,Kayoko,Covnot,Development
26692,Taisook,Cools,Development
26714,Sadun,Pelc,Development
26733,Kauko,Yetto,Development
26750,Baziley,Denis,Sales
26770,Ibibia,Ghelli,Development
26808,Jeanne,DuCasse,Sales
26811,Prodip,Farrow,Sales
26812,Licheng,Noriega,Development
26828,Maha,Haddadi,Development
26833,Hirochika,Gustavson,Sales
26856,Kazuhiko,Cooke,Development
26869,Jasminko,Vecchio,Development
26902,Reinhold,Welham,Sales
26905,Fatemeh,Markovitch,Sales
26955,Elvis,Tanemo,Development
26958,Juichirou,Raoux,Development
27044,Chuanyi,Zaiane,Development
27045,Teruyuki,Merks,Development
27056,Leen,Hiyoshi,Sales
27065,Roded,Eugenio,Development
27107,Lansing,Murtha,Development
27112,Yechezkel,Anily,Development
27117,Shirish,Eugenio,Development
27118,Anestis,Azadmanesh,Development
27130,Kazuhira,Rathonyi,Development
27193,Dulce,Nivat,Development
27221,Syozo,Rosar,Sales
27223,Noritoshi,Delgrossi,Sales
27272,Kwan,Genin,Sales
27273,Alassane,Jeong,Development
27281,Leaf,Bahi,Development
27295,Marc,Orlowska,Development
27298,Stepehn,Loncour,Development
27332,Charmane,Merey,Development
27365,Mang,Morris,Sales
27368,Dipayan,Keustermans,Sales
27369,Cedric,Chinen,Sales
27373,Jiafu,Varman,Development
27377,Mara,Gils,Development
27492,Guoxiang,Provine,Development
27511,Jiann,Perelgut,Development
27528,Martijn,Baranowski,Development
27548,Slavian,Riexinger,Sales
27557,Teunis,Oxman,Sales
27626,Vishu,Flanders,Development
27642,Muneo,Zockler,Development
27652,Jacqueline,Matteis,Sales
27654,Sajjan,Morris,Development
27670,Yolla,Merey,Development
27732,Girolamo,Facello,Development
27739,Youssef,Piancastelli,Sales
27756,Stevo,Suwa,Sales
27772,Shahaf,Salvesen,Sales
27797,Kazuhisa,Botman,Sales
27801,Naraig,Danecki,Sales
27856,Lokesh,Holburn,Development
27880,Yinlin,Poujol,Development
27905,Monique,Barinka,Development
27959,Moheb,Dusink,Development
27961,Wojceich,Murtafg,Development
27975,Remmert,Rehfuss,Development
27978,Sedat,Unni,Development
28008,Shugo,Luit,Development
28027,Kagan,Wallrath,Development
28074,Shmuel,Syrotiuk,Sales
28079,Rimon,Salvesen,Development
28146,Niteen,Azadmanesh,Development
28161,Kwan,Nicolson,Sales
28165,Sanjit,Lorch,Development
28171,Filipe,Setlzner,Development
28207,Sakthirel,Ebeling,Development
28208,Tristan,Lienhardt,Development
28209,Gadiel,Millington,Sales
28240,Reuven,Lorcy,Sales
28242,Thodoros,Vasanthakumar,Sales
28281,Adhemar,Oxenboll,Sales
28298,Holgard,Ritcey,Sales
28306,Wilmer,Papsdorf,Development
28315,Hideo,Servi,Development
28322,Premal,Millington,Sales
28344,Fan,Barriga,Sales
28350,Theron,Heusch,Sales
28354,Geoffrey,Prochazka,Development
28358,Constantino,Salinas,Sales
28359,Kshitij,Stellhorn,Sales
28366,Abdelwaheb,Falster,Development
28373,Steen,Bhattacharjee,Sales
28382,Mihalis,Zuberek,Development
28383,Gladys,Chimia,Sales
28385,Filipp,Conia,Sales
28418,Sachio,Suermann,Development
28447,Anneke,Ghelli,Development
28487,Ziva,Alblas,Sales
28529,Mabo,Griswold,Development
28542,Ferdinand,Guardalben,Development
28555,Kankanahalli,Wendorf,Sales
28596,Perla,Porotnikoff,Sales
28619,Pragnesh,Majewski,Sales
28631,Dmitry,Marletta,Development
28653,Pranay,Flanders,Sales
28689,Jessie,Lores,Sales
28703,Tremaine,Remmele,Sales
28716,Kristian,Hertweck,Sales
28726,Marie,Veldwijk,Development
28734,Arvind,Heydon,Sales
28739,Elliott,Wixon,Sales
28750,Guangming,Speckmann,Sales
28753,Leaf,Lichtner,Sales
28757,Branimir,Poupard,Sales
28773,Tomokazu,Polupanov,Development
28779,Fayez,Bottner,Sales
28811,Cristinel,Vrecion,Development
28855,Shan,Heering,Development
28867,Shahar,Awdeh,Development
28890,Lijie,Puoti,Development
28891,Susanna,Krohn,Development
28922,Xiadong,Willoner,Development
28958,Angel,Wossner,Sales
28976,Kazuhiko,Aingworth,Development
28993,Domenick,Rijckaert,Development
29026,Parto,Byoun,Development
29030,Nikolaus,Heiserman,Development
29032,Mizuhito,Rassart,Development
29059,Arumugam,Legleitner,Development
29080,Panayotis,Shumilov,Sales
29101,Jouni,Salverda,Development
29120,Parto,Bergere,Sales
29133,Rafael,Peck,Sales
29178,Hairong,Foong,Development
29191,Ayakannu,Krogh,Development
29194,Sarita,Peris,Development
29199,Chaoyi,Mondadori,Sales
29202,Rajmohan,Roohalamini,Development
29208,Radoslaw,Schusler,Development
29222,Remzi,Trachtenberg,Development
29237,Gennadi,Beznosov,Development
29243,Sibyl,Koyama,Development
29250,Radoslaw,Besancenot,Sales
29256,Mountaz,Schiettecatte,Development
29317,Navin,Conia,Development
29361,LiMin,McDermid,Development
29366,Domenico,Ohori,Sales
29372,Parke,Chinin,Development
29419,Kendra,Scharstein,Development
29425,Mingdong,Muntz,Development
29436,Godehard,Schnelling,Development
29469,Rafael,Cmelik,Development
29485,Ortrun,Shobatake,Sales
29486,Jouni,Gerteisen,Development
29507,Adel,Panwar,Development
29515,Kish,Karcich,Development
29520,Shunichi,Ozery,Development
29527,Adamantios,Oaver,Sales
29559,Shin,Edelhoff,Development
29573,Kwangsub,Linnainmaa,Sales
29583,Subhada,Waymire,Sales
29596,Geoff,Lueh,Sales
29597,Yoshinari,Codenie,Development
29603,Kristina,Khamsi,Sales
29623,Heekeun,Stille,Development
29651,Divier,Knightly,Sales
29690,Eran,Fioravanti,Sales
29715,Dinah,Valette,Development
29719,Sumant,Takkinen,Sales
29729,Alassane,Bernatsky,Sales
29788,Radhia,Kaminger,Development
29812,Yefim,Gimarc,Development
29825,Jeong,Kenevan,Development
29829,Pranjal,Pepe,Development
29856,Yuichiro,Pardalos,Development
29946,Shooichi,McClure,Sales
29948,Elzbieta,Kruskal,Development
29969,Lena,McAffer,Development
30062,Phuoc,Ertl,Development
30083,Wanqing,Burnard,Development
30084,Jiafu,Cronin,Development
30092,Kristof,Pusterhofer,Development
30101,Berni,Olano,Development
30106,Zeljko,Yamaashi,Development
30123,Rosita,Baba,Development
30143,Indrajit,Huttel,Sales
30179,Shirish,Krzyzanowski,Sales
30189,Krisda,Koblick,Development
30209,Yannis,Aloisi,Sales
30302,Amstein,Sankaranarayanan,Sales
30313,Srinidhi,Candan,Development
30330,Caolyn,Nitsch,Sales
30331,Lene,Vuskovic,Development
30351,Djenana,Blokdijk,Sales
30374,Xiaocheng,Reinhart,Development
30408,Masasuke,Crelier,Development
30410,Feiyu,Menyhert,Sales
30425,Rimli,Akazan,Sales
30454,Pradeep,Plessier,Development
30466,Sumant,Giaccio,Sales
30470,Siamak,Jayawardene,Development
30479,Shigenori,Kampfer,Development
30497,Youjian,Pettis,Sales
30525,Snehasis,Matzen,Sales
30537,Bluma,Gini,Development
30546,Janalee,Oehlmann,Sales
30571,Ziva,Bonifati,Development
30601,Gilbert,Cyne,Sales
30648,Macha,Chartres,Development
30655,Xuedong,Anandan,Sales
30656,Gritta,Ranst,Development
30663,Gurbir,Sigstam,Sales
30666,Guadalupe,Clemencon,Development
30670,Lillian,Zizka,Sales
30673,Berry,Ozeki,Sales
30730,Willard,Pelc,Sales
30761,Hisao,Iisaka,Development
30769,Berry,Frolund,Sales
30791,Xiong,Ariola,Development
30802,Keung,Bernini,Development
30819,Sachio,Asrin,Development
30831,Arno,Kermarrec,Sales
30833,Chaoyi,Cichocki,Development
30834,Van,Erdi,Sales
30846,Nidapan,Montresor,Development
30856,Chaosheng,Lampe,Development
30899,Dannz,Keirsey,Sales
30923,Chandrasekaran,Ellozy,Sales
30936,Rosalyn,Attimonelli,Development
30948,Xinan,Lunt,Development
30968,Ingemar,Karlin,Development
31019,Arve,Junot,Development
31024,Xiadong,Ciolek,Sales
31058,Abdulah,Frezza,Development
31085,Venkatesan,Merks,Development
31122,Remko,Ghemri,Development
31127,Mizuhito,Puppo,Sales
31131,Conal,Zolotykh,Sales
31132,Barna,Ghalwash,Sales
31193,Ranan,Stranks,Development
31220,Radoslaw,Lund,Sales
31224,Uta,Apsitis,Sales
31227,Aluzio,McConalogue,Development
31253,Troy,Pepe,Development
31257,Nectarios,Cherinka,Development
31263,Yurij,Pena,Development
31286,Marsha,Magliocco,Development
31305,Nadjib,Luiz,Development
31326,Tesuya,Conta,Development
31333,Kerhong,Jenevein,Development
31343,Heon,Denos,Sales
31344,Saddek,Gerteisen,Sales
31363,Hidde,Merli,Sales
31380,Sastry,Coullard,Development
31385,Barry,Daescu,Sales
31390,Fei,Liedekerke,Development
31401,Hein,Sigstam,Sales
31423,Otilia,Ranta,Development
31426,Guozhong,Polajnar,Development
31429,Matk,Bernini,Sales
31456,Tamiya,Rajcani,Development
31501,Martial,Penn,Development
31533,Trygve,Albarhamtoshy,Sales
31543,Srinidhi,Siksek,Development
31557,Denny,Kalafatis,Sales
31558,Shuzo,Hmelo,Sales
31563,Pradeep,Kushner,Development
31571,Jagoda,Reutenauer,Development
31587,Heather,Henseler,Development
31593,Kamakshi,Merey,Development
31630,Fabrizio,Businaro,Development
31634,Mohua,Rubsam,Development
31641,Aram,Syrzycki,Development
31650,Neven,Savasere,Sales
31700,Weiyi,Ranft,Sales
31702,Florian,Isard,Sales
31709,Jinpo,Boissier,Development
31719,JoAnne,Caine,Sales
31750,Fabrizio,DuBourdieux,Sales
31763,Tetsurou,Fadgyas,Development
31777,Pragnesh,Kumaresan,Development
31791,Saddek,Debuse,Sales
31796,Leen,Vakili,Development
31810,Jasminko,Gill,Development
31824,Remko,Pezzoli,Sales
31864,Zhenbing,Bahl,Development
31865,Ramzi,Schade,Development
31868,Dhritiman,Jervis,Development
31890,Dekang,Shiratori,Sales
31915,Kazuhide,Speckmann,Development
32001,Mari,Attimonelli,Sales
32027,Mong,Sidhu,Sales
32037,Bader,Ozeri,Development
32056,Parviz,Lieblein,Sales
32138,Anyuan,Facello,Sales
32147,Shahaf,Basart,Development
32150,Chenxi,Narwekar,Sales
32158,Fun,Ranta,Development
32167,Christophe,Sury,Sales
32174,Mohua,Kaltofen,Development
32193,Margareta,Szmurlo,Sales
32197,Claude,Highland,Sales
32200,Nalini,Sadowsky,Development
32204,Garnet,Leppanen,Sales
32221,Pranas,Snedden,Sales
32233,Kenroku,Benveniste,Development
32237,Yucai,Range,Sales
32261,Bernt,Dehkordi,Development
32303,Bodh,Merli,Sales
32340,Maria,Tiemann,Development
32349,Hairong,DiGiano,Sales
32405,Vitaly,Haumacher,Development
32430,Yongdong,Hellwagner,Development
32445,Kristian,Angelopoulos,Development
32449,Gal,Sabnani,Development
32455,Lokesh,Brlek,Development
32467,Berna,Dulay,Development
32468,Rafols,Masamoto,Sales
32487,Neven,Hambrick,Sales
32488,Jeanne,Merks,Development
32499,Jouko,Hellwagner,Development
32531,Heng,Zirintsis,Development
32563,Gritta,Larfeldt,Development
32580,Kirk,Facello,Development
32596,Naftaly,Gelosh,Development
32626,Ulf,Ambroszkiewicz,Development
32641,Tua,Tetzlaff,Development
32653,Renny,Wielonsky,Sales
32689,Gladys,Heusch,Sales
32703,DeForest,Klyachko,Sales
32724,Alselm,Janocha,Sales
32765,Yurij,Mitchem,Development
32776,Charlene,Bodoff,Sales
32796,Duke,Picaronny,Development
32835,Wanqing,Thambidurai,Development
32849,Adib,Kornyak,Development
32864,Anyuan,Stifter,Sales
32871,DeForest,Rullman,Sales
32891,Vasilis,Ozeki,Development
32892,Sudharsan,Pfau,Development
32903,Maja,Terlouw,Development
32928,Shigeu,Kalloufi,Sales
32931,Almudena,DasSarma,Sales
32951,Tianruo,Hockney,Development
32955,Basim,Dredge,Development
33008,Keiichiro,Birnbaum,Sales
33009,Tsutomu,Chinin,Sales
33018,Christophe,Baer,Development
33076,Geoff,Ranon,Development
33085,Kristinn,Jullig,Development
33115,Padma,Peyn,Development
33125,Jaewon,Dulay,Sales
33126,Charmane,Marwedel,Development
33164,Marie,Levergood,Development
33184,Kazuhiro,Kaelbling,Sales
33196,Jungsoon,Gist,Sales
33211,Prodip,DuBourdieux,Development
33216,Zdislav,Thombley,Sales
33221,Makato,Demri,Development
33226,Kenton,Hegner,Development
33255,Alejandra,Straney,Development
33270,Chanjung,Ebeling,Sales
33279,Arne,Felder,Sales
33288,Hinrich,Fetvedt,Development
33343,Chiradeep,Gunderson,Sales
33386,Sadok,Eiter,Development
33399,Roded,Lorcy,Sales
33402,Leni,Carrere,Development
33423,Jinpo,Koblick,Sales
33427,Shalesh,Mitsuhashi,Development
33510,Shaibal,Christ,Development
33518,Perla,Birsak,Development
33530,Toney,Garigliano,Development
33555,Wojceich,Kawashima,Sales
33562,Shigenori,Zobel,Development
33579,Guozhong,Eickenmeyer,Sales
33628,Macha,Ritcey,Development
33631,Tonny,Ozeri,Sales
33655,Zvonko,Lovengreen,Development
33675,Wojceich,Lichtman,Development
33696,Danny,Famili,Development
33698,Mohan,Dalton,Sales
33727,Uno,Highland,Sales
33736,DeForest,Koyama,Development
33767,Dekang,Kenevan,Development
33787,Malu,Kriebel,Development
33812,Patricio,Basawa,Sales
33838,Adit,Ranai,Sales
33852,Marek,Prochazka,Sales
33913,Niteen,Binkley,Sales
33927,Bezalel,Haumacher,Development
33998,Apostol,Polupanov,Development
34030,Nobuyoshi,Rodiger,Sales
34049,Tadanori,Brookner,Sales
34051,Jordanka,Motley,Development
34070,Sivanarayana,Champarnaud,Development
34082,Yechiam,Jakobus,Development
34129,Takanari,Kolinko,Development
34130,Mahendra,Perry,Development
34143,Gay,Beilner,Development
34150,Leen,Miculan,Sales
34158,Mohammed,Syrotiuk,Sales
34166,Naftali,Rahimi,Development
34180,Ger,McClure,Development
34184,Shiv,Klassen,Development
34208,Rosine,Tsunoo,Development
34215,Otilia,Pietrzykowski,Sales
34241,Remco,Ariola,Sales
34257,Xiaoqiang,Roisin,Development
34338,Hairong,Emden,Development
34358,Jaihie,Dulin,Development
34377,Hidde,Menhoudj,Development
34382,Kayoko,Ravishankar,Sales
34406,Yefim,Mitsuhashi,Sales
34536,Danil,Narahari,Development
34538,Pranjal,Rossi,Development
34552,Souichi,Llado,Sales
34578,Jahangir,Baaz,Development
34597,Jouko,Bolotov,Sales
34600,Godehard,Middleton,Sales
34605,Arunachalam,Middleton,Development
34626,Udi,McConalogue,Development
34632,Licheng,Clouatre,Development
34647,Kerryn,Tiemann,Development
34670,Mihalis,Diderrich,Development
34690,Beshir,Litzkow,Development
34726,Shridhar,Emmart,Sales
34754,Maren,Llado,Sales
34805,Marek,Siksek,Development
34839,Henk,Kermarrec,Sales
34857,Weicheng,Birrer,Development
34915,Christ,Tetzlaff,Sales
34928,Anwar,Flexer,Development
34960,Vasilis,Luga,Sales
34961,Uno,Dolinsky,Sales
34999,Shim,Narwekar,Development
35012,Noritoshi,Krybus,Sales
35016,Dinah,Awdeh,Development
35042,Nahid,Servieres,Sales
35046,Sachem,Luders,Sales
35059,Vitaly,Flasterstein,Development
35070,Kirk,Masada,Development
35089,Paris,Lanzelotte,Development
35096,Gaetan,Olivero,Development
35123,Yechezkel,Schaaf,Development
35138,Susuma,Boreale,Development
35142,Conor,Uhrig,Development
35182,Uinam,Eldridge,Development
35226,Byong,Felcyn,Development
35273,Zsolt,Mitsuhashi,Sales
35300,Chuanti,Chenoweth,Development
35342,Elvis,Potthoff,Development
35352,Koldo,Kilgour,Development
35371,Arup,Chleq,Development
35423,Moss,Caine,Development
35425,Hinrich,Desikan,Development
35470,Satoru,Ranai,Development
35476,Frederique,Heinisuo,Sales
35501,Gretta,Scharstein,Development
35550,Van,Hutton,Sales
35552,Sungwon,Cangellaris,Development
35558,Kshitij,Staudhammer,Sales
35570,Baocai,Katzenelson,Development
35589,Kyoichi,Trystram,Development
35617,Guozhong,Yemenis,Development
35618,Arie,Auyong,Development
35626,Yishay,Axelband,Development
35659,Gro,Armand,Sales
35706,Gererd,Schwabacher,Development
35736,Tonny,Pargas,Development
35755,Xudong,Zultner,Development
35780,Duro,Tyugu,Sales
35797,Emran,Hiroyama,Development
35830,Magy,McFarlan,Development
35860,Conrado,Zschoche,Development
35865,Claudi,Fujisaki,Development
35916,Wonhee,Talmon,Development
35939,Hiroyasu,Demri,Sales
35960,Adam,Danlos,Sales
36032,Mikhail,Luck,Sales
36042,Chaitali,Prochazka,Sales
36048,Isaac,Marrakchi,Development
36055,Changho,Rubsam,Sales
36073,Shirish,Gire,Sales
36109,Masaki,Farrag,Development
36159,Theron,Glinert,Development
36174,Saeko,Escriba,Development
36178,Bernt,Valette,Sales
36205,Kwangjo,Falco,Sales
36246,Kaijung,Cummings,Development
36303,Amstein,Anandan,Development
36340,Xiaoqiu,Speek,Development
36355,Aleksandar,Alblas,Development
36410,Navin,Steenbeek,Sales
36441,Dekang,Pearson,Development
36491,Margareta,Luon,Development
36516,Qiwen,Piazza,Development
36525,Dinkar,Aseltine,Development
36537,Adin,Kawashima,Development
36555,Takahiro,Rothenberg,Sales
36591,Heeju,Goodrum,Sales
36599,Genevieve,Munck,Development
36617,Xiaobin,Sullins,Development
36620,Arno,Itzigehl,Sales
36688,Cristinel,Mateescu,Development
36692,Bedir,Guerreiro,Development
36698,Aksel,Shackel,Sales
36705,Zissis,Berztiss,Development
36709,Tsuneo,Hettesheimer,Development
36727,Zhaofang,Greibach,Development
36760,Fumiyo,Norsworthy,Development
36761,Zeljko,Hinsberger,Development
36780,Annemarie,Schnabel,Development
36788,Kwee,Ulupinar,Development
36795,Nidapan,Einsfeld,Sales
36799,Tetsushi,Murtagh,Development
36819,Tadahiro,Parveen,Sales
36843,Masali,Gopalakrishnan,Development
36859,Lalit,Delgrande,Development
36870,Jianhao,Luff,Development
36871,Yechezkel,Gecsei,Development
36874,Genki,Aloia,Sales
36877,Shahaf,Ranst,Sales
36880,Dzung,Setlzner,Sales
36895,Abdulla,Ozeri,Development
36917,Kolar,Karunanithi,Development
36918,Howell,Shimshoni,Development
36930,Sadegh,Vasanthakumar,Development
36953,Lihong,Butner,Sales
36965,Yechiam,Munch,Development
36968,Shin,Siprelle,Sales
36987,Brigham,Erde,Sales
37048,Fai,Eldridge,Development
37068,Xiaoqiang,Delgrande,Sales
37075,Kwangjo,Zockler,Development
37082,Munehiro,Zastre,Development
37087,Claudi,Angel,Sales
37100,Jaber,Waeselynck,Development
37101,Jaewon,Pappas,Sales
37103,Kazuhira,Pileggi,Development
37120,Kasidit,Masada,Development
37131,Conor,Koblitz,Development
37151,Leaf,Biros,Development
37171,Nathalie,Lorys,Development
37231,Vidya,Leonhardt,Sales
37236,Ranan,Luby,Sales
37245,Along,Gyimothy,Sales
37263,Aris,Rotem,Sales
37265,Bokyung,Ellozy,Development
37267,Itzchak,Falster,Sales
37270,Deborah,Bharadwaj,Development
37312,Arie,Gecsei,Sales
37318,Alejandro,Isard,Sales
37343,Geoff,Kleiser,Sales
37348,Zhiguo,Ratzlaff,Sales
37372,Dietrich,Peot,Sales
37388,Ziya,Ramamoorthy,Development
37406,Rildo,Cincotta,Development
37407,Danae,Cochrane,Development
37413,Jagoda,Gill,Development
37454,KayLiang,Bernardeschi,Sales
37466,Mabhin,Barinka,Development
37504,Mack,Maquelin,Development
37507,Kamran,Quittner,Sales
37518,Nahum,Rassart,Development
37577,Mansur,Narwekar,Sales
37600,Kerhong,Engelmann,Sales
37612,Etsuo,Sridhar,Development
37627,Jasminko,Ladret,Sales
37648,Sreenivas,Luef,Sales
37659,Florina,Armand,Development
37674,Vitali,Sinitsyn,Sales
37675,Chikara,Marshall,Development
37716,Gill,Hutton,Development
37717,Arunachalam,Lichtman,Sales
37720,True,Samarati,Development
37751,Jacopo,DuBourdieux,Sales
37791,Ebbe,Schaaf,Development
37792,Shem,Esteva,Development
37814,Adel,Salvesen,Sales
37832,Jaber,Choobineh,Development
37850,Bikash,Underwood,Development
37851,Lidong,Vecchi,Development
37882,Alexius,Mellouli,Sales
37887,Limsoon,Molberg,Development
37891,Sumali,Munro,Development
37910,Kwangyoen,Danley,Development
37914,Yinlin,Rosch,Development
37937,Xiahua,Pero,Sales
37948,Jayson,Zykh,Sales
37970,Cathie,Woycyznski,Sales
37975,Garnet,Onuegbe,Development
38019,Charlene,Yoshimura,Sales
38076,Kiyotoshi,Flowers,Sales
38114,Leen,Lukaszewicz,Development
38117,Stevo,Hiraishi,Sales
38123,Kien,Cummings,Sales
38196,Munehiko,Khamsi,Development
38204,Jianwen,Azadmanesh,Sales
38226,Manu,Rodiger,Development
38243,Herbert,Barreiro,Development
38252,Tadahiro,Benzaken,Sales
38267,Abdelghani,Armand,Development
38268,Maris,Imataki,Development
38305,Tomoyuki,Bauknecht,Development
38323,Kiyotoshi,Keirsey,Development
38328,Richard,Muhlberg,Sales
38335,Masaru,Malabarba,Development
38347,Tzu,Woycyznski,Sales
38400,Jaber,Ponthieu,Development
38431,Masanao,Ferretti,Sales
38432,Sreekrishna,Harllee,Development
38453,Rafael,Perfilyeva,Development
38476,Godehard,Neimat,Development
38497,Anyuan,Hiltgen,Sales
38517,Ult,Farrow,Development
38553,Dinkar,Bage,Sales
38581,Shan,Gornas,Development
38608,Florian,Journel,Development
38618,Houman,Ibel,Sales
38679,Zvonko,Bael,Development
38697,Hercules,Warwick,Development
38700,Deniz,Figueira,Development
38701,Kristian,Irland,Development
38716,Toshimo,Perin,Development
38720,Kwan,Khalil,Development
38740,Michaela,Matzat,Sales
38747,Kenton,Guerreiro,Development
38810,Pohua,Roccetti,Sales
38824,Shounak,Rindone,Development
38842,Alper,Mukaidono,Development
38847,Ugo,Waterhouse,Development
38851,Deborah,Stassinopoulos,Development
38852,Niranjan,Lorys,Sales
38878,Hauke,Champarnaud,Sales
38905,Arnould,Pearson,Development
38915,Divine,Hanratty,Sales
38916,Hein,Kroll,Development
38942,Danco,Xiaoshan,Sales
38951,Terresa,Rijckaert,Sales
39018,Irena,Harllee,Development
39043,Kersti,Ferretti,Development
39055,Remko,Varman,Development
39087,Marin,Luders,Development
39134,Reinhard,Vidal,Development
39143,Flemming,Salverda,Sales
39188,Apostol,Bresenham,Development
39224,Moss,Chenney,Development
39237,Sugwoo,Fabrizio,Development
39321,Arie,Wilfing,Development
39323,Zita,Ratnaker,Development
39409,Zhilian,Leslie,Development
39444,Huican,Majewski,Sales
39474,Zorica,Kilgore,Sales
39506,Hatsukazu,Lubachevsky,Development
39526,Sadok,Rouquie,Development
39587,Irena,Hoppenstand,Development
39595,Vishv,Ramras,Development
39631,Jiafu,Simmel,Sales
39648,Gad,Lanphier,Sales
39652,Kitty,Keirsey,Development
39656,Annemarie,Nannarelli,Sales
39674,JoAnna,Atrawala,Development
39684,Kokou,Dratva,Sales
39705,Kinh,Vidal,Development
39712,Chirstian,Muchinsky,Sales
39735,Morris,Ashish,Development
39747,Pohua,Montresor,Development
39756,Dmitri,Litecky,Sales
39780,Alain,Gyorkos,Development
39806,Shuzo,Rosenbaum,Sales
39852,Willard,Guenter,Sales
39854,Sanjay,McClurg,Development
39880,Turgut,Karunanithi,Sales
39883,Moriyoshi,Luan,Development
39890,Sanjai,Valiente,Sales
39909,Nectarios,Ozeki,Sales
39917,Guoxiang,Besselaar,Development
39940,Kazuhisa,Hiraishi,Development
39941,Gino,Tanemo,Development
39966,Utpal,Beidas,Sales
39970,Sachar,Sgarro,Sales
39971,Odoardo,Antonisse,Sales
39992,Mohit,Gadepally,Sales
40018,Yongmao,Beidas,Development
40021,Parto,Delgrande,Development
40035,Anyuan,Kleiser,Sales
40057,Ghassan,Kalloufi,Sales
40156,Dhritiman,Cooman,Sales
40161,Premsyl,Guardalben,Development
40169,Remco,Isaac,Sales
40205,Genevieve,Provine,Development
40217,Padma,Shokrollahi,Sales
40225,Shakhar,Schieder,Sales
40226,Hyuncheol,Benantar,Sales
40245,Yucai,Bael,Sales
40313,Turgut,Staylopatis,Development
40318,Shin,Vingron,Development
40360,Harjit,Miyakawa,Development
40389,Mong,Kobuchi,Sales
40427,Aloke,Merks,Development
40463,Rafail,Tokunaga,Development
40465,Khoa,Brendel,Development
40471,Shir,Straney,Development
40484,Aria,Chiodo,Development
40486,Leen,Kopetz,Development
40520,Danny,Gajiwala,Development
40528,Yannik,Litvinov,Development
40551,Lillian,Terkki,Development
40556,Murthy,Baaz,Development
40563,Hongzhu,Munos,Development
40574,Susumu,Ratnakar,Development
40587,Xiping,Genin,Development
40597,Fumiyo,Limongiello,Development
40615,Jacopo,Karner,Development
40641,Eishiro,Papadias,Sales
40660,Piyush,Erbe,Development
40672,Yinlin,Pfau,Development
40685,Shawna,Bugrara,Sales
40696,Torsten,Siprelle,Development
40714,Lijie,Covnot,Sales
40739,Kazuhiko,Itzfeldt,Sales
40764,Shuky,Senzako,Sales
40779,Itzchak,Begiun,Development
40782,Mitchel,Bodoff,Development
40802,Baocai,Ecklund,Development
40824,Serap,Kleiser,Development
40829,Jianhui,Mitzlaff,Sales
40834,Elzbieta,Fritzsche,Development
40853,Terresa,Guardalben,Development
40872,Qunsheng,Cunliffe,Development
40881,Hatem,Acton,Development
40891,Jinya,Kaltofen,Sales
40977,Elvia,Sinicrope,Sales
41074,Leen,Siochi,Sales
41122,Guenter,Hoppenstand,Sales
41140,Tonny,Bail,Sales
41147,Abdelaziz,Chimia,Development
41173,Maren,Aseltine,Development
41187,Jacqueline,Maquelin,Sales
41197,Vesna,Stille,Sales
41198,Janalee,Christianini,Development
41200,Huei,Leppanen,Development
41205,Charlene,Cusworth,Sales
41228,Jacopo,Hebert,Development
41239,Malu,Rajaraman,Sales
41251,Arne,Glinert,Sales
41274,Mari,Giveon,Development
41280,Felicidad,Czap,Sales
41283,KayLiang,Tetzlaff,Development
41292,Premsyl,Thombley,Development
41298,Elvia,Cesareni,Sales
41304,Kristian,Ulupinar,Development
41313,Gino,Nitto,Development
41374,JiYoung,Schurmann,Development
41399,Xiaoheng,Broomell,Development
41404,Marco,Isaak,Sales
41422,Franziska,Ramamoorthy,Development
41432,Basim,Dymetman,Development
41441,Pasqua,Shigei,Development
41527,Hisao,Oxman,Development
41554,Rajmohan,Halloran,Sales
41583,Holgard,Thorensen,Development
41593,Susuma,Grabner,Development
41644,Georg,Marakhovsky,Sales
41667,Barna,Facello,Development
41673,Armond,Matzel,Development
41682,Alselm,Ecklund,Sales
41710,Weiru,Haldar,Sales
41746,Zita,Greenaway,Development
41759,Charmane,Lagarias,Sales
41767,Leszek,Thiran,Development
41772,Leon,Decaestecker,Sales
41798,Margareta,Akaboshi,Development
41824,Kendra,Luby,Development
41857,Munehiko,Beznosov,Sales
41871,Stevo,Waeselynck,Development
41885,Val,Validov,Sales
41909,Toshimitsu,McAlpine,Development
41917,Fumitake,Schlumberger,Sales
41944,Vishwani,Parhami,Development
41983,Luise,Wixon,Development
42007,Tsz,Pokrovskii,Sales
42020,Nobuyoshi,Matzat,Development
42033,Reuven,Compeau,Development
42046,Waiman,Millington,Development
42047,Sahrah,Ambroszkiewicz,Development
42059,Jianhui,Czap,Development
42082,Gritta,Compeau,Sales
42174,Vishv,Schahn,Development
42184,Prasadram,Kusalik,Development
42243,Jaana,Fendler,Development
42268,Claude,Danner,Development
42274,Gal,Grospietsch,Development
42298,Tru,Kalefeld,Development
42341,Haldun,Cangellaris,Development
42352,Tuval,Chaudhuri,Development
42371,Pragnesh,Mersereau,Sales
42402,Gererd,Rosis,Development
42410,Marjo,Falster,Development
42434,Diederik,Lagarias,Sales
42444,Seongbin,Kobuchi,Sales
42460,Angel,Vrecion,Development
42471,Susanna,Molenaar,Development
42498,Limsoon,Bojadziev,Development
42504,Krisda,Nastansky,Development
42583,Joydip,Henseler,Development
42590,Basim,Billawala,Development
42591,Lakshmi,Eppinger,Development
42606,Moti,Hartvigsen,Sales
42623,Tayeb,Decleir,Development
42642,Bluma,Broder,Sales
42681,Radhakrishnan,Molenkamp,Development
42708,Hitomi,Petereit,Sales
42746,Manu,Billawala,Development
42773,Claude,Zirintsis,Development
42817,Mohd,Ulupinar,Sales
42818,Radhakrishnan,Jenevein,Development
42821,Xumin,Anily,Development
42839,Remzi,Cannard,Sales
42850,Demos,Kornyak,Development
42892,Faiza,Suppi,Sales
42929,Sven,Hegner,Development
42930,Izaskun,Berztiss,Development
42933,Zhiwei,Pleszkun,Development
42936,Chuanti,Nitsche,Sales
42942,Mansur,Bolotov,Development
43013,Mechthild,Petersohn,Sales
43014,Vitali,Olivero,Sales
43040,Ulises,Nittel,Sales
43044,Masako,Gustavson,Development
43058,Hauke,Pearson,Development
43065,Chinya,Vitiello,Development
43068,Nikolaos,Halloran,Development
43073,Urs,Andreotta,Development
43078,Radhia,Wuwongse,Sales
43107,Tooru,Verspoor,Sales
43108,Nevin,Perz,Development
43161,Ranan,Percebois,Development
43181,Hugh,Iisaka,Sales
43189,Oscal,Ranft,Development
43200,Geraldo,Plessier,Sales
43207,Itzchak,Shihab,Sales
43215,Richara,Garnham,Development
43222,Lenore,Angelopoulos,Sales
43241,Adam,Kisuki,Sales
43249,Bedrich,Vitiello,Sales
43273,Charmane,Hiltgen,Development
43300,Francesca,Aseltine,Development
43306,Frederique,Zweizig,Development
43308,Hauke,Validov,Development
43318,Rasikan,Boyle,Development
43353,Mang,Arlazarov,Development
43373,Wanqing,Serov,Development
43387,Fuqing,Syang,Sales
43438,Sampalli,Zultner,Sales
43445,Sudhanshu,Calkin,Sales
43448,Gilbert,Preusig,Development
43487,Kristof,Ducloy,Sales
43584,Houman,Pokrovskii,Development
43594,Moni,Hoogerwoord,Sales
43605,Boalin,Rodite,Sales
43624,Tokuyasu,Pesch,Sales
43659,Aron,Pouyioutas,Sales
43678,Shawna,Bernick,Sales
43689,Almudena,Bugrara,Sales
43691,Kazuhira,Baalen,Development
43708,Zhongwei,Streng,Development
43709,Mohua,Munck,Sales
43727,Mats,Kilgore,Development
43745,Temple,Thambidurai,Sales
43756,Minghong,Himler,Sales
43932,Zhensheng,Seiwald,Development
43945,Guozhong,Thisen,Development
43946,Kankanahalli,Swist,Development
43965,Syozo,Hasham,Sales
44011,Panayotis,Karner,Development
44015,Yuguang,Limongiello,Sales
44042,Susuma,Ladret,Sales
44060,Luigi,Brattka,Development
44070,Luerbio,Onuegbe,Sales
44099,Shridhar,Gruenwald,Sales
44111,Sugwoo,Streit,Sales
44125,Douadi,Conia,Sales
44130,Zongyan,Winter,Development
44164,Becky,McClure,Development
44165,Greger,Heuser,Development
44178,Jackson,Schmezko,Sales
44184,Maya,Birnbaum,Development
44189,Shaibal,Mitzlaff,Development
44193,Fatemeh,Billingsley,Development
44224,Shietung,Selenyi,Development
44229,Bojan,Luft,Development
44240,Deniz,Famili,Development
44292,Alexius,Georg,Development
44326,Dmitri,Verspoor,Sales
44354,Basant,Garnier,Development
44366,Alois,Chinal,Sales
44397,Moon,Mitsuhashi,Development
44445,Sreenivas,Heinisuo,Development
44454,Toshimo,Besancenot,Sales
44459,Aluzio,Panienski,Sales
44465,Brigham,Teitelbaum,Sales
44472,Mingdong,Snyers,Development
44484,Pasqua,Gelosh,Sales
44520,Baruch,Engberts,Development
44539,Kwangjo,Buchter,Sales
44589,Iara,Lanzelotte,Development
44591,Karlis,Laventhal,Development
44607,Sachem,Valtorta,Sales
44682,Souichi,Boissier,Sales
44691,Munir,Montresor,Sales
44716,Georgy,Haddadi,Development
44721,Dinah,Zielinski,Development
44734,Shay,Vandervoorde,Development
44737,Vishu,Juneja,Development
44740,Georg,Uhrik,Development
44750,Bernice,Coors,Sales
44785,Phule,Kriebel,Sales
44806,Vishu,Schwabacher,Development
44821,Martien,Covnot,Development
44856,Amabile,Seuren,Sales
44873,Eberhardt,Raczkowsky,Sales
44875,Goh,Reinhart,Sales
44883,Kagan,Cichocki,Development
44891,Cheong,Zaumen,Development
44924,Divier,Azevdeo,Sales
44938,Valdiodio,Potthoff,Sales
44955,Aram,Kawashima,Development
44963,Amabile,Gimbel,Development
44965,Tetsurou,Suppi,Development
45006,Vishv,Liedekerke,Development
45014,Souichi,Orsini,Sales
45055,Xiaobin,Radhakrishnan,Development
45062,Aemilian,Hammerschmidt,Sales
45069,Lenore,Valette,Development
45070,Ennio,Frolund,Development
45092,Francesca,Chandrasekhar,Sales
45121,Menkae,Christianini,Development
45138,Miomir,Karcich,Sales
45172,Saeko,Radhakrishnan,Development
45200,Teunis,Chvatal,Development
45204,Alexius,Candan,Development
45216,Gou,Ballarin,Development
45232,Chaosheng,Senzako,Development
45269,Arve,Avouris,Sales
45290,Thanasis,Varman,Development
45311,Zengping,Talmor,Sales
45313,DAIDA,Schusler,Sales
45318,Franziska,Dalton,Development
45331,Keung,Peot,Development
45333,Leszek,Waeselynck,Development
45344,Shigeo,Servieres,Development
45352,Yuichiro,Zallocco,Development
45363,Kenroku,Hainaut,Development
45377,Temple,Flasterstein,Sales
45382,Yoshimitsu,Stassinopoulos,Development
45390,Sedat,Alameldin,Sales
45432,Richard,Barreiro,Sales
45436,Gila,Limongiello,Sales
45460,Mang,Rande,Development
45466,Guiseppe,Tomescu,Sales
45467,Huican,Bahk,Development
45479,Ferdinand,Krupka,Development
45488,Shigehiro,Shackel,Sales
45507,Xiong,Lamparter,Development
45514,Jessie,Alpin,Sales
45534,Perla,Jullig,Sales
45537,Ottavia,Wissmann,Development
45546,Gopalakrishnan,Lanphier,Sales
45552,Aloys,Albarhamtoshy,Sales
45557,Girolamo,Legleitner,Development
45634,Barry,Ghemri,Development
45657,Jianhao,Hedayat,Development
45669,Janalee,Boudaillier,Development
45695,Danco,Kowalchuk,Development
45698,Sanjoy,Melichar,Sales
45788,Shiv,Mitsuhashi,Development
45797,Chikara,Khalid,Development
45803,Padma,Lanzelotte,Sales
45821,Garnik,Dredge,Development
45827,Ortrun,Schonegge,Development
45828,Panayotis,Litzkow,Development
45867,Hailing,Denna,Development
45895,Sajjad,Vural,Sales
45915,Paddy,Gluchowski,Sales
45919,Aemilian,Denti,Sales
45923,Masato,Xiaoshan,Sales
45972,Rafael,Bednarek,Development
45973,Mokhtar,Bernatsky,Sales
45979,Uno,Colorni,Development
46004,Toshimori,Schlegelmilch,Development
46025,Yurii,Demir,Development
46028,Sakthirel,Emmerich,Sales
46059,Susumu,DuCasse,Sales
46090,Iara,Whittlesey,Development
46109,Kiyotoshi,Kragelund,Sales
46124,Shunichi,Barinka,Sales
46191,Hilari,Pocchiola,Development
46203,Ferdinand,Dymetman,Development
46236,Thodoros,Edelhoff,Development
46250,Yefim,Decleir,Sales
46260,Tze,Karlin,Development
46266,Kiam,Carrera,Development
46281,Rosine,Berztiss,Development
46305,Yakichi,Lamba,Development
46318,Susumu,Vieth,Development
46345,Ortrun,Kolvik,Development
46347,Nadjib,Standera,Development
46356,Sham,Przulj,Sales
46425,Martina,Leivant,Development
46439,Ibibia,Junet,Sales
46457,Alenka,Keohane,Development
46484,Neelam,Rabehasaina,Sales
46548,Uno,Schlenzig,Development
46562,Tiina,Panangaden,Development
46567,Khatoun,Kirkerud,Sales
46574,Yuping,Sinitsyn,Sales
46587,Macha,Baaleh,Sales
46619,Taizo,Docker,Sales
46622,Filipp,Krzyzanowski,Development
46635,Saeed,Frezza,Development
46646,Subir,Cesareni,Development
46680,Phuoc,Fairtlough,Sales
46683,Ger,Wynblatt,Sales
46685,Valter,Takanami,Development
46714,Goa,Cronin,Development
46730,Lakshmi,Flexer,Development
46749,Gaetan,Lamparter,Development
46755,Jenwei,Frezza,Sales
46757,Supot,Delgrange,Development
46773,Vojin,Parveen,Development
46838,Yakichi,Marzano,Sales
46853,Aiichiro,Walston,Sales
46858,Lubomir,Gente,Sales
46864,Ferdinand,Sooriamurthi,Sales
46959,Dulce,Haldar,Development
46964,Tiina,McClure,Development
46974,Shigehiro,Melski,Development
46984,Pascal,Kandlur,Development
47005,Eric,Selvestrel,Sales
47008,Radhika,Narlikar,Development
47010,Goh,Nannarelli,Sales
47013,Kerhong,Straney,Development
47022,Mostafa,Terlouw,Sales
47047,Shugo,Nourani,Development
47056,Parto,Marciano,Sales
47061,Kinh,Servi,Sales
47094,Leni,Shimshoni,Development
47116,Oscar,Rosar,Sales
47137,Valter,Marchegay,Sales
47148,Makato,Baezner,Development
47166,Chiranjit,Bade,Development
47215,Zhenbing,Swen,Development
47265,Chikako,Birke,Sales
47282,Mihalis,Herath,Development
47286,Yinlin,Kamble,Sales
47288,Nishit,Ratnaker,Sales
47293,Unal,Beidas,Development
47340,Jaber,Pokrovskii,Development
47414,Youjian,Ratnakar,Development
47446,Werner,Matzke,Development
47466,Mayuri,Biron,Development
47553,Falguni,Zallocco,Development
47593,Christfried,Awdeh,Sales
47640,Persi,Barreiro,Development
47737,Kensei,Speek,Development
47740,Tamiya,Linares,Sales
47763,Yagil,Basart,Sales
47764,Nadjib,Demri,Sales
47770,Conrado,Sridhar,Sales
47821,Raimond,Mitina,Development
47825,Yakichi,Chelton,Sales
47849,Gao,Munke,Development
47876,Shigeaki,Orlowska,Sales
47925,Angel,Kamble,Sales
47928,Zhensheng,Zweizig,Development
47930,Apostol,Coors,Development
47958,Jaques,Tibblin,Development
47965,Kotesh,Remmers,Sales
47969,Tuval,Rosis,Sales
47981,Barna,Peng,Development
48020,Nobuyoshi,Strandh,Development
48028,Steve,Bach,Development
48031,Bezalel,Klassen,Development
48044,Zhonghui,Luga,Sales
48058,Duke,Peltason,Development
48071,Rafail,Dulay,Sales
48092,Shuichi,Furudate,Sales
48116,Jianhao,Suomi,Development
48127,Barna,Thisen,Development
48129,Froduald,Standera,Development
48139,Perry,Bultermann,Sales
48161,Khalid,Gustavson,Development
48177,Xudong,Chinal,Development
48185,Adel,Pusterhofer,Development
48221,Willard,Gist,Development
48240,Mooi,Lamba,Development
48243,Juyoung,Riesenhuber,Development
48254,Chenyi,Gomatam,Development
48267,Serenella,Validov,Development
48285,Siamak,McAlpine,Development
48286,Roded,Ranum,Sales
48337,Martine,Fontet,Development
48371,Valery,Krupka,Sales
48403,Hongzue,Krider,Sales
48405,Mona,Gustavson,Development
48407,Theirry,Gischer,Development
48503,Pranas,Gammage,Development
48521,Yurij,Tzvieli,Development
48525,Heeju,Eastman,Development
48534,Mountaz,Bultermann,Sales
48562,Tokuyasu,Cmelik,Sales
48577,Peternela,Piazza,Sales
48578,Ymte,Luiz,Development
48602,Seongbae,Matheson,Development
48626,Jianwen,Munro,Development
48632,Mingsen,Butterworth,Development
48651,Vitaly,McClurg,Sales
48658,Ravishankar,Lally,Development
48672,Mantis,Servi,Sales
48682,Karoline,Sessa,Sales
48683,Peer,Garnham,Sales
48696,Irena,Giarratana,Sales
48736,Feixiong,Cunliffe,Development
48757,Stella,Gecseg,Sales
48772,Sanjai,Hoogerwoord,Development
48785,Zhenhua,Pappas,Development
48803,Yuuichi,Bhattacharjee,Development
48818,Monique,Welham,Sales
48834,Felicidad,Ferriere,Sales
48838,Gay,Meszaros,Sales
48840,Gay,Alpay,Development
48841,Krisda,Busillo,Development
48862,Kersti,Farrag,Sales
48970,Kazuhito,Collette,Sales
48984,Ebru,Cronan,Sales
48999,Boriana,Neimat,Development
49003,Odoardo,Laventhal,Sales
49047,Dannz,Pargaonkar,Development
49053,Gila,Plumb,Development
49062,Hailing,Zumaque,Development
49075,Ravishankar,Orlowska,Development
49077,Kasturi,Siprelle,Sales
49091,Mabry,Papadias,Development
49115,Xinan,Engelmann,Sales
49128,Sarita,Kuzuoka,Sales
49130,Pohua,Bage,Development
49194,Nigel,Plesums,Sales
49202,Zhaofang,Chiola,Sales
49227,Anestis,Clouatre,Sales
49235,Heather,Shiratori,Development
49242,Hongzue,Erman,Development
49262,Willard,Fairtlough,Sales
49264,Hsiangchu,Landherr,Development
49280,Tse,Oxman,Development
49294,Mads,Peltason,Sales
49301,Kien,Schnabel,Development
49306,Tuval,Iwayama,Development
49310,Yechiam,Assaf,Sales
49315,Debaprosad,Gihr,Sales
49335,Gunilla,Breugel,Sales
49353,Kristin,Lorys,Development
49385,Vesna,Egerstedt,Development
49430,Nathan,Erez,Development
49436,Chanjung,Nitsche,Development
49438,IEEE,Krichel,Development
49496,Jaewoo,Butner,Sales
49501,Yonghong,Schmezko,Development
49515,Feipei,Schmiedel,Sales
49524,Saniya,Brender,Sales
49527,Nigel,Coors,Development
49537,Minghong,Dulli,Development
49565,Radhika,Spell,Development
49594,Morris,Eiron,Development
49599,Pradeep,Gente,Sales
49624,Falguni,Mitsuhashi,Development
49660,Oscar,Chinin,Development
49667,Sakthirel,Pashtan,Sales
49682,Toshimori,Murtha,Sales
49696,Sandeepan,Bondorf,Sales
49708,Nagui,Jansch,Development
49715,Shunichi,Lieblein,Development
49795,Marsha,Vitiello,Sales
49811,Toshiki,Kavanagh,Sales
49813,Sigeru,Solares,Development
49861,Rosalyn,Zykh,Sales
49894,Wilmer,Barvinok,Development
49902,Hairong,Hiroyama,Development
49920,Dekang,Babu,Sales
49930,Girolamo,Conte,Sales
49940,Anyuan,Wallrath,Development
49992,Marsha,Dayana,Development
50002,Dannz,Gecsel,Sales
50006,Charmane,Yeung,Development
50019,Aloke,Neiman,Development
50034,Jixiang,Muhling,Development
50071,Khue,Baalen,Development
50075,Shaz,Muntz,Sales
50083,Patricio,Waymire,Sales
50093,Irene,Improta,Development
50102,Adib,Boudaillier,Development
50199,Yishai,Schreiter,Development
50204,Mayuko,Beutelspacher,Sales
50207,Feiyu,Huxford,Sales
50234,Abdelkader,Felder,Development
50236,Zhenbing,Cangellaris,Development
50268,Danil,Borovoy,Sales
50274,Horward,Boudaillier,Sales
50285,Utz,Bernardeschi,Sales
50294,Arto,Cronan,Sales
50309,Mostafa,Rodite,Development
50344,Xiping,Qiwen,Development
50356,Guoxiang,Knightly,Sales
50369,Shmuel,Gils,Sales
50380,Gino,Schusler,Development
50393,Lunjin,Marzano,Development
50437,Maha,Beilner,Development
50449,Jagoda,Alvarado,Development
50475,Paris,Hennebert,Development
50478,Leni,Benzmuller,Sales
50479,Mitsuyuki,Ramsey,Sales
50517,Weidon,Snedden,Sales
50522,Hongzhu,Babu,Sales
50578,Satosi,Merle,Development
50588,Ghassan,Swan,Sales
50590,Leucio,Calkin,Development
50639,Fumiko,Kruskal,Development
50672,Shen,Greenaway,Development
50678,Udaiprakash,Chepyzhov,Sales
50694,Sadun,Middleton,Sales
50736,Ulf,Douceur,Development
50750,Kristen,DasSarma,Development
50758,Mara,Isard,Sales
50838,Adil,Skogmar,Sales
50843,Uno,Aumann,Development
50856,Hironoby,Melter,Development
50893,Tayeb,Garrabrants,Sales
50899,Pintsang,Gadepally,Sales
50906,Djenana,Ibel,Sales
50950,Jolita,Rande,Development
50953,Adhemar,Fiebach,Development
50954,Yishay,Nations,Development
50983,Hironobu,Grandbois,Sales
50995,Ugo,Bala,Sales
51062,Werner,Narlikar,Sales
51078,Maia,Leuchs,Development
51082,Patricio,Kobara,Development
51121,Debaprosad,Bierbaum,Sales
51126,Gully,Zirintsis,Sales
51150,Mona,Ferriere,Sales
51165,Kazuyasu,Anily,Sales
51166,Xiaobin,Ginesta,Development
51175,Mark,Lorho,Sales
51177,Hironoby,Birsak,Development
51190,Sivanarayana,Zedlitz,Development
51194,Freyja,Schach,Development
51294,Tetsushi,Pell,Sales
51299,Demos,McClure,Development
51307,Xiping,Parascandalo,Sales
51313,Alois,Francisci,Sales
51323,Yannis,Stanger,Sales
51331,Jackson,Pusterhofer,Sales
51363,Georgy,Sundgren,Development
51400,KayLiang,Luca,Sales
51402,Vasiliy,Kuhnemann,Development
51404,Lalit,Desikan,Development
51413,Changho,Willoner,Sales
51414,Mohammed,Improta,Sales
51431,Debaprosad,Merro,Sales
51446,Byong,Uehara,Development
51455,Jinpo,Schnabel,Development
51501,Mikhail,Range,Development
51503,Dietrich,Famili,Development
51507,Khalid,Gubsky,Sales
51520,Goh,Bierman,Sales
51548,Freyja,Rahimi,Development
51561,Marsha,Docker,Development
51571,Yuichiro,Jervis,Development
51574,Manohar,Rouquie,Development
51590,Ung,Sudbeck,Sales
51616,Rafail,Rassart,Sales
51619,Kensei,Birke,Development
51639,Abdelaziz,Czap,Sales
51645,Berto,Stassinopoulos,Development
51651,Valdiodio,Kaiserswerth,Sales
51662,Shir,Varman,Development
51690,Xiping,Norsworthy,Sales
51788,Uzi,Chleq,Development
51791,Marjo,Kroft,Sales
51812,Marit,Yoshizawa,Development
51863,Idoia,Bennis,Development
51910,Rosli,Chenoweth,Sales
51916,Jingling,Yetim,Development
51949,Pranav,Rosti,Development
51969,Barna,Bharadwaj,Development
51994,Shigehito,Pluym,Sales
51995,Zhongwei,Roccetti,Sales
52015,Zeljko,Raoux,Development
52069,Conrado,Krohm,Development
52071,Xianlong,Milicic,Sales
52098,Martine,Delaune,Development
52113,Feixiong,Hiroyama,Sales
52130,Kwangho,Besselaar,Development
52131,Tonny,Collette,Development
52144,Gad,Hoogerwoord,Development
52167,Bernd,Copas,Development
52196,Francesca,Choobineh,Development
52252,Moty,Bade,Sales
52271,Nikolaus,Schaft,Sales
52299,Shin,Baranowski,Development
52307,Michaela,Suri,Development
52310,Yongmin,Flexer,Sales
52342,Niranjan,Karcich,Sales
52348,Junsik,Radwan,Sales
52355,Arto,Merkl,Development
52356,Kazuhira,Swist,Sales
52391,Horward,Varker,Development
52411,Elvis,Alpin,Development
52413,Qiwen,Brobst,Development
52417,Eran,Rahimi,Development
52420,Badri,Pramanik,Sales
52454,Marco,Peyn,Development
52483,Kazuhira,Boyle,Development
52511,Zhanqiu,Luca,Sales
52539,Shigeu,Huttel,Sales
52548,Mario,Ritzmann,Development
52557,Aruna,Kalsbeek,Development
52564,Shuky,Chenoweth,Development
52593,Shridhar,Lichtman,Sales
52610,Akhilish,Tsukuda,Development
52644,Geoffrey,Picci,Sales
52667,Pranav,McConalogue,Development
52676,Baruch,Melton,Development
52698,Magdalena,Mersereau,Development
52700,Shin,Ranze,Development
52733,Supot,Atrawala,Development
52746,Ingmar,Neimat,Development
52752,Barna,Rajcani,Sales
52773,Shounak,Rissland,Sales
52812,Jaber,Fujisawa,Sales
52830,Kitty,Peron,Sales
52867,Yishay,Lindenbaum,Sales
52897,Arnd,Isaac,Development
52932,Carrsten,Lorin,Development
52951,Hauke,Solares,Sales
52961,Arun,Niizuma,Development
52962,Hein,Cappelli,Sales
52964,Dmitri,Grandbois,Development
53012,Yongdong,Muchinsky,Sales
53059,Sachin,Impagliazzo,Sales
53080,Yunming,Lamma,Development
53090,Kazuhisa,Furedi,Sales
53092,Tetsushi,England,Sales
53103,Nechama,Molenkamp,Sales
53130,Anestis,Poupard,Development
53134,Shahid,Fasbender,Sales
53138,Parke,Schaaf,Development
53154,Chaosheng,Akazan,Development
53159,Jaewon,Cherinka,Development
53178,Franziska,Melichar,Development
53186,Martien,Penn,Development
53194,Lorien,Unno,Development
53201,Kien,Lagarias,Development
53204,Nirmal,Bernatsky,Sales
53217,Shem,Heystek,Development
53243,Maren,Schach,Sales
53298,Shay,Oskamp,Development
53358,Pasqua,Peac,Development
53412,Dipayan,Rassart,Sales
53418,Hiroyasu,Alencar,Sales
53430,Marke,Schneeberger,Development
53436,Filipe,Mitsuhashi,Development
53442,Nathalie,Riefers,Development
53455,Sariel,Deville,Development
53457,Rildo,Kisuki,Development
53459,Salvador,Berstel,Sales
53464,Odoardo,Andreotta,Sales
53489,Marko,Cherinka,Development
53509,Radoslaw,Osgood,Development
53530,Gully,Pintelas,Development
53539,Sangeeta,Mansanne,Development
53601,Avishai,Felder,Development
53633,Masadi,Heinisuo,Sales
53661,Kaijung,Wixon,Sales
53663,Mamdouh,Segond,Sales
53679,Aleksandar,Litzkow,Sales
53709,Kazuhisa,Zaumen,Development
53712,Hidde,Bauknecht,Development
53751,Teruyuki,Jayawardene,Sales
53760,Mong,Mateescu,Development
53775,Maya,Peternell,Development
53779,Kellie,Zielinski,Development
53860,Nahid,Masamoto,Sales
53868,Jixiang,Angelov,Sales
53871,Xudong,Hebert,Sales
53943,Yannis,Hagimont,Development
53947,Shooichi,Henseler,Development
53977,Alper,Unno,Sales
54044,Yuuichi,Muhling,Sales
54055,Mitsuyuki,Famili,Sales
54089,Sandeepan,Barriga,Development
54105,Hidefumi,Peck,Sales
54123,Kien,Bahk,Sales
54164,Sahrah,Penz,Sales
54207,Radhika,Bhattacharjee,Development
54226,Chinya,Michaeli,Development
54254,Jianwen,Ramsey,Development
54257,Satoru,Molenaar,Development
54307,Yuqun,Bondorf,Development
54311,Inderjeet,Chappelet,Development
54366,Mohamadou,Terekhov,Development
54371,Sivanarayana,Esposito,Development
54383,Sanjay,Makrucki,Development
54420,Youngkon,Rajcani,Sales
54443,Gro,Grabner,Sales
54450,Jaana,Ranon,Development
54465,Torsten,Bresenham,Sales
54471,Kotesh,Schiettecatte,Development
54474,Ult,Schreiter,Development
54528,Tomoyuki,Narwekar,Development
54536,Ennio,Hanratty,Development
54550,Rajmohan,Marciano,Sales
54556,Temple,Masada,Development
54563,Shunichi,Menyhert,Development
54584,Fusako,Plotkin,Development
54655,Lenore,Kossowski,Sales
54677,Chirstian,Schaaf,Development
54685,Marek,Georgatos,Development
54704,Kellyn,Rebaine,Development
54746,Ramzi,Liesche,Sales
54770,Charlene,Demizu,Development
54783,Abdelghani,Nannarelli,Development
54853,Van,Heemskerk,Development
54855,Gian,Gulla,Development
54858,Chinho,Sundgren,Development
54868,Ult,Highland,Development
54892,Sandeepan,Goldhammer,Development
54918,Volkmar,Malinowski,Development
54929,Gilbert,Tramer,Sales
54932,Kamakshi,Munoz,Sales
54950,Yuriy,Anick,Development
54961,Nechama,Spelt,Development
54963,Toshiko,Bellmore,Development
54972,Leon,Underwood,Development
54981,Giao,Pettis,Development
54984,Danil,Perng,Development
55059,Sakthirel,Conte,Development
55068,Kyoichi,Wielonsky,Development
55073,Yahiko,Swiler,Development
55081,Sadok,Sanella,Development
55139,Nigel,Sommer,Development
55154,Brigham,Schiettecatte,Development
55180,Ung,Falco,Development
55192,Weijing,Templeman,Development
55210,Wonhee,Thombley,Development
55273,Chiranjit,Zockler,Sales
55281,Mohammad,Ellozy,Development
55346,Hausi,Schrooten,Development
55375,Houman,Caine,Sales
55407,Gopalakrishnan,Birta,Development
55408,Remzi,Reistad,Development
55414,Divine,Talmon,Development
55422,Mahendra,Kranzdorf,Development
55450,Vishv,Furudate,Development
55476,Kokou,Halevi,Development
55479,Serap,Erva,Development
55498,Filipe,Heusch,Development
55499,Kamakshi,Diderrich,Development
55505,Kristen,Fabrizio,Development
55511,Bernt,Marshall,Sales
55528,Indrajit,Swiler,Sales
55542,Candido,Gaughan,Development
55571,Arie,Pusterhofer,Sales
55592,Alexius,Karcich,Sales
55655,Pranav,Tzvieli,Development
55718,Jeane,McAffer,Sales
55756,Alair,Warwick,Sales
55907,Ghassan,Herbst,Sales
55933,Kristin,Kirkerud,Sales
55935,Theirry,Skafidas,Development
55946,Shan,Wossner,Development
55979,Guangming,VanScheik,Development
56020,Alagu,Byoun,Development
56026,Martine,Farris,Development
56034,Hinrich,Jayawardene,Development
56038,Herbert,Murthy,Sales
56050,Jaroslava,Uhrik,Sales
56058,Christoper,Schapire,Sales
56106,Saeko,Chiola,Sales
56110,Jouni,Reeken,Development
56125,Heon,Thombley,Development
56136,Ramya,Buchter,Sales
56143,Sakthirel,Bondorf,Sales
56159,Zengping,Shumilov,Development
56177,Yucel,Colorni,Development
56187,Youpyo,Lienhardt,Development
56195,Pascal,Hashii,Development
56227,Shen,Makrucki,Sales
56235,Subir,Vanwelkenhuysen,Development
56298,Gro,Peir,Development
56300,Serge,Zobel,Development
56306,Mack,Lindqvist,Development
56312,Jaber,Baek,Development
56314,Bowen,Morrey,Sales
56329,Zhenhua,Naumovich,Development
56350,Boguslaw,Ariola,Sales
56380,Shuzo,Atchley,Development
56382,Valery,Bardell,Sales
56389,Ronghao,Ghandeharizadeh,Development
56400,Froduald,Munke,Development
56406,Sachem,Schusler,Sales
56430,Tesuya,Klassen,Sales
56439,Sangeeta,Henders,Development
56445,Chikara,Liesche,Development
56448,Kayoko,Covnot,Development
56463,Maja,Staudhammer,Development
56468,Zsolt,Haldar,Development
56476,Danae,Chiola,Development
56488,Tze,Cherinka,Sales
56502,Dipayan,Ulupinar,Development
56519,Magdalena,Taubenfeld,Development
56531,Quingbo,Renear,Development
56543,Chrisa,Hanabata,Development
56581,Zhenbing,Cappello,Sales
56589,Martial,Goldhammer,Sales
56608,Denny,Trachtenberg,Sales
56611,Lalit,Zhang,Development
56678,Murthy,McAffer,Sales
56693,Vesna,Halloran,Sales
56694,Aram,Godskesen,Development
56701,KayLiang,Kobuchi,Sales
56715,Rasiah,Gurbaxani,Development
56726,Chuanti,Schmiedel,Sales
56740,Sashi,Vuskovic,Development
56763,Mahendra,Cangellaris,Sales
56790,Mayuko,Walston,Development
56804,Arra,Heinisuo,Development
56809,Dinkar,Ranon,Development
56831,Zvonko,Baaz,Development
56862,Ymte,Thimonier,Sales
56887,Fabrizio,Itschner,Sales
56905,Insup,Genin,Sales
56925,Sverrir,Kilgore,Sales
56936,Bernice,Wendorf,Development
56950,Saeed,Edelhoff,Sales
56952,Itzchak,Leppanen,Development
56961,Guoxiang,Peyn,Sales
57000,Toshiko,Lortz,Sales
57022,Michaela,Keustermans,Development
57026,Tuval,Gyimothy,Development
57040,Arup,Lagarias,Sales
57043,Jaber,Falco,Development
57064,Arco,Serov,Development
57078,Itzchak,Polupanov,Development
57079,Shay,Rassart,Development
57110,Gou,Stellhorn,Sales
57111,Armond,Suermann,Development
57115,Nirmal,Zobel,Development
57118,Xinan,Champarnaud,Development
57123,Fatemeh,Zedlitz,Development
57176,Pranav,Stenning,Development
57178,Oldrich,Rousseau,Sales
57211,Uta,Undy,Development
57217,Freyja,Sommer,Development
57223,Danel,Copas,Development
57242,Tetsushi,Lowrie,Development
57262,Steve,Yavatkar,Sales
57338,Mostafa,Rouquie,Sales
57373,Mabry,Zhiwei,Sales
57377,Adel,Slobodova,Development
57380,Bodh,Verhoeff,Development
57426,Yannik,Lorch,Development
57442,Arvin,Klassen,Development
57450,Shridhar,Lagarias,Sales
57476,Badri,Staudhammer,Sales
57489,Jaihie,Benaini,Development
57492,Parto,Miyakawa,Sales
57508,Muneo,Rousseau,Sales
57511,Weidon,Crabtree,Sales
57513,Zorica,Merli,Development
57525,Herbert,Dechter,Sales
57540,Shounak,Armand,Development
57544,Gererd,Lammel,Development
57566,Masami,Barinka,Development
57596,Shigehito,Schahn,Sales
57603,Arunas,Frezza,Development
57609,Greger,Casperson,Development
57629,Gretta,Vendrig,Sales
57664,Gladys,England,Development
57670,Poornachandra,Perz,Development
57716,Kristinn,Schmiedel,Development
57740,Georgi,Osgood,Development
57751,Dulce,Maksimenko,Development
57768,Izaskun,Talmor,Sales
57821,Alejandra,Bolotov,Sales
57834,Hideyuki,Demeyer,Development
57837,Aria,Murtafg,Development
57850,Ayakannu,Kawashima,Sales
57865,Kazuhiro,Demian,Development
57869,Martine,Perl,Development
57870,Yurii,Georgatos,Development
57877,Brigham,Delgrande,Development
57893,Khalid,Tasistro,Development
57898,Atilio,Pearson,Development
57945,Tsvetan,Merlo,Development
57949,Oldrich,Pezzoli,Sales
57968,Froduald,Perng,Development
57980,Shay,Matheson,Development
57996,Zhonghua,Xiaoshan,Sales
58010,Gennady,Broder,Sales
58024,Naftaly,Berztiss,Development
58027,Yakkov,Luef,Development
58035,Jenwei,Speckmann,Development
58053,Zissis,Karunanithi,Sales
58080,Hideyuki,Birta,Sales
58094,Danil,Katiyar,Development
58096,Rosine,Usdin,Sales
58102,Aiichiro,Erni,Development
58115,Manu,Peir,Development
58125,Xiaoshan,Cesareni,Development
58129,Chuanyi,Schnabel,Sales
58132,Zdislav,Kawashimo,Sales
58136,Lidong,Tsunoo,Development
58151,Masanao,Smeets,Development
58182,Gennady,Kroft,Development
58199,Yechiam,Karnin,Sales
58201,Willard,Bashian,Development
58226,Ayonca,Gill,Sales
58227,Armond,Bierbaum,Development
58231,Marjo,Pauthner,Sales
58280,Manohar,Peris,Development
58300,Frazer,Picco,Development
58317,Eric,Kenevan,Development
58325,Kokou,Riexinger,Development
58396,Kenton,Billawala,Sales
58427,Guozhong,Frezza,Sales
58434,Aluzio,Melton,Development
58437,Maya,Rusterholz,Sales
58458,Turgut,Koshiba,Sales
58460,Mart,Wixon,Sales
58462,Ronnie,Paciorek,Sales
58499,Marjo,Pileggi,Development
58509,Anneli,Laurillard,Sales
58516,Xianlong,Knightly,Sales
58518,Along,Perfilyeva,Development
58524,Jaideep,Sidhu,Development
58567,Eric,Scallan,Sales
58575,Pasqua,Pfau,Development
58590,Jayson,Roisin,Sales
58620,Toshimori,Rosenbaum,Sales
58635,Giordano,Rabejac,Development
58665,Mabhin,Marquardt,Sales
58678,Vivian,Zwicker,Development
58694,Kasidit,Kragelund,Sales
58727,Junichi,Rullman,Development
58728,Boguslaw,Parfitt,Development
58735,Krassimir,Mayerwieser,Development
58787,Kristina,Erie,Development
58788,Shmuel,Anger,Development
58789,Hercules,Cochrane,Development
58790,Peternela,Zockler,Sales
58797,Xiaoheng,Breugel,Sales
58807,Murthy,Koshino,Sales
58825,JoAnna,Swist,Sales
58837,Bowen,Waleschkowski,Development
58959,Younwoo,Gecseg,Sales
58970,Yongmin,Waterhouse,Development
58973,Marke,Decleir,Development
58981,Kazuhiko,Kushner,Sales
58996,Sven,Dengi,Development
59016,Terresa,Kornyak,Development
59018,Marsal,Liesche,Sales
59020,Kazunori,Reeker,Development
59047,Jiong,Botman,Development
59078,Licheng,Larfeldt,Development
59087,Shakhar,Erdmenger,Sales
59089,Ramya,Zirintsis,Development
59094,Adin,McDermid,Development
59109,Tesuya,Morrey,Development
59145,Tzu,Birch,Development
59166,Charlene,Bernardinello,Development
59176,Teiji,Suessmith,Sales
59183,Kotesh,Cronau,Development
59212,Koldo,Jeong,Sales
59227,Adly,Ruemmler,Development
59242,Fun,Peak,Sales
59250,Toong,Arlazarov,Development
59256,Tsvetan,Emiris,Development
59283,Stevo,Bisiani,Development
59289,Yucel,Sridhar,Sales
59295,Subbu,Ducloy,Sales
59309,Dannz,Sury,Sales
59331,Izaskun,Broder,Development
59342,Babette,Colorni,Sales
59349,Martijn,Bail,Development
59379,Zsolt,Rajala,Development
59380,Zvonko,Berendt,Sales
59413,Huei,Albarhamtoshy,Sales
59434,Saddek,Smailagic,Sales
59435,Serge,Baig,Development
59470,Ziyad,Ghelli,Sales
59480,Giordano,Esteva,Sales
59488,Saeko,Montresor,Development
59510,Shuichi,Bouloucos,Sales
59513,Xiaoheng,Rosaz,Development
59520,Babette,Montresor,Development
59537,Yefim,Pargaonkar,Development
59538,Constantijn,Stiles,Development
59560,Shuho,Roisin,Sales
59611,Wanqing,Fraisse,Sales
59684,Qingxiang,Ranst,Development
59685,Yongdong,Schurmann,Development
59707,Bezalel,Tyugu,Sales
59743,Zhenhua,Bakhtari,Development
59764,Jeane,Wroclawski,Development
59783,Volkmar,Raczkowsky,Sales
59790,Vishv,Heering,Development
59793,Jayson,Tibblin,Sales
59824,Xiaoshan,Marwedel,Development
59898,Gao,Iwayama,Development
59899,Toong,Schueller,Development
59927,Sedat,Salverda,Sales
59986,Gererd,Yoshimura,Development
59999,Piyush,Spataro,Sales
60013,Breannda,Schauser,Development
60058,Qingxiang,Gulak,Development
60068,Giap,Plavsic,Development
60124,Kagan,Sichman,Sales
60146,Dines,Clouatre,Development
60170,Lene,Yetim,Development
60175,Hatsukazu,Sankaranarayanan,Development
60193,Sanjai,Gronowski,Development
60204,Giri,Macedo,Development
60207,Koldo,Mahmud,Development
60217,Limsoon,Doering,Sales
60255,Danae,Siochi,Sales
60259,Chrisa,dAstous,Sales
60285,Nitsan,Coorg,Development
60303,Billur,Solares,Sales
60343,Munenori,Leppanen,Sales
60414,Xuejia,Vitiello,Sales
60442,Kwangsub,Hellwagner,Development
60453,Larisa,Gammage,Sales
60463,Sanjiv,Dredge,Development
60469,Angel,Kampfer,Sales
60488,Yakkov,Staylopatis,Development
60501,Ranga,Badr,Development
60518,Ziya,Biran,Sales
60521,Henk,Uhrik,Sales
60522,Becky,Polupanov,Development
60551,Caolyn,Irland,Development
60598,Izaskun,Sadowski,Sales
60611,Feixiong,Baba,Sales
60620,Dhritiman,Lukaszewicz,Development
60653,Wonhee,Bamford,Development
60677,Stella,Worfolk,Development
60711,Mabry,Ramaiah,Development
60717,Carrsten,Sadowsky,Sales
60753,Kazuyasu,Krybus,Sales
60764,Taizo,Stamatiou,Development
60767,Gianluca,Munos,Sales
60815,DAIDA,Oxman,Sales
60823,Kazuhiro,Parfitt,Sales
60831,Rildo,Peltason,Development
60838,Insup,Serra,Development
60858,Elgin,Foote,Development
60865,Yuqun,Birge,Development
60894,Lein,Fendler,Development
60904,Tomokazu,Gelosh,Sales
60944,Renee,Pepe,Sales
60965,Conrado,Loncour,Sales
60991,Ung,Murthy,Sales
61018,Marco,Zallocco,Sales
61038,Suzette,Sifakis,Development
61062,Parke,Champarnaud,Development
61078,Jessie,Greibach,Development
61093,Kokou,Rettelbach,Development
61110,Lihong,Ghemri,Development
61118,King,Erol,Development
61124,Nechama,Waymire,Sales
61177,Somnath,Bednarek,Development
61179,Berni,Kaltofen,Sales
61180,Nathalie,Sullins,Development
61192,Feiyu,Kamble,Development
61197,Roselyn,Cannard,Development
61208,Miomir,Hooghiemstra,Development
61210,Itzchak,Rehfuss,Sales
61211,Lakshmi,Muntz,Development
61244,Xiaoqiang,Peternell,Sales
61259,Shao,Puoti,Sales
61261,Ziya,Pocchiola,Sales
61264,Shuzo,Sethi,Sales
61273,Manohar,Hainaut,Sales
61315,Kwun,Kalloufi,Sales
61340,Lubomir,Waeselynck,Sales
61347,Aram,Gerteisen,Development
61362,Ayonca,Pietracaprina,Development
61374,Taegyun,Christ,Development
61399,Unal,Chinen,Sales
61420,Sanjoy,Cunliffe,Development
61441,Yongqiao,Jayawardene,Sales
61444,Geoff,Kaiserswerth,Development
61453,Hyuncheol,Vanwelkenhuysen,Development
61486,Weiye,Bierman,Sales
61515,Mats,Curless,Sales
61554,Tianruo,Steenbeek,Development
61588,Doohun,Byoun,Sales
61589,Chuanti,Demke,Development
61593,Masaru,Cochrane,Development
61623,Xiaoqiu,Luce,Development
61624,Doowon,Luef,Development
61625,Shugo,Rajcani,Development
61626,Mohit,Dulay,Sales
61634,Shigehito,Panwar,Sales
61667,Domenico,Hasenauer,Sales
61675,Takahiro,Schwartzburd,Development
61676,Valdiodio,Argence,Development
61706,Stevo,Butner,Development
61711,Volkmar,Claffy,Development
61718,Yakichi,Poujol,Development
61722,Oddvar,Wendorf,Development
61738,Martien,Zhiwei,Development
61751,IEEE,Garrabrants,Sales
61753,Pantung,Levergood,Development
61776,Stafford,dAstous,Sales
61780,Zhilian,Billingsley,Development
61790,Visit,Lindenbaum,Development
61805,Faiza,Gurbaxani,Sales
61843,Guenter,Millington,Sales
61846,Danil,Varley,Development
61879,Saniya,Steinauer,Development
61910,Gay,Bahk,Development
61941,Mohammed,Joslin,Development
61943,Gennadi,Tasistro,Development
61997,Maja,Yurek,Development
62012,Yifei,Jahnichen,Development
62080,Toshimo,Birjandi,Sales
62097,Krassimir,Klyachko,Development
62098,Breannda,Sommer,Sales
62112,Pragnesh,Servieres,Development
62129,Hongzue,Schmittgen,Development
62298,Quingbo,Yetto,Sales
62304,Kersti,Rusmann,Development
62336,Kazunori,Vieth,Development
62374,Ortrud,Oppitz,Development
62381,Fay,Pfau,Development
62382,Padma,Edelhoff,Development
62383,Khatoun,Rodier,Development
62387,Toney,Frolund,Development
62412,Khosrow,Hennebert,Development
62427,Bedrich,Kamber,Development
62428,Guadalupe,Lortz,Development
62449,Jixiang,Angelov,Sales
62459,Francoise,Shobatake,Development
62472,Renee,Buescher,Sales
62476,Yahiko,Cooke,Sales
62497,Yifei,Sinitsyn,Development
62629,Shigeaki,Ratnaker,Sales
62695,Guangming,Jenevein,Sales
62696,Paloma,Callaway,Sales
62714,Limsoon,Silva,Development
62723,Mitchel,Penttonen,Development
62774,Jeanna,Schlenzig,Sales
62804,Emran,Bahr,Development
62812,Chaosheng,Zyda,Development
62821,Tomokazu,Munke,Development
62900,Gio,Alencar,Sales
62906,Alselm,McFarlin,Sales
62909,Lenore,Rissland,Sales
62930,Fumiyo,Flanders,Development
63017,Moni,Picel,Development
63019,Fayez,Basawa,Development
63021,Kamakshi,Yurov,Development
63114,Danny,Cheshire,Sales
63246,Zdislav,Waymire,Development
63257,Elvis,Trogemann,Sales
63305,Perry,Waymire,Development
63307,Sugwoo,Herber,Sales
63324,Pintsang,Leuchs,Development
63326,Filipp,Perin,Development
63329,Mart,Schaaf,Sales
63331,Changho,Fadgyas,Development
63343,Mark,Ananiadou,Development
63349,Anestis,Comte,Development
63363,Terresa,Brattka,Development
63367,Hatim,Bondorf,Development
63376,Kiyotoshi,Peir,Sales
63399,Yonghoan,Azumi,Development
63412,Domenick,Thisen,Development
63422,Mahendra,Gulak,Development
63427,Takahito,Nooteboom,Sales
63438,Gilbert,Herbst,Sales
63442,Satyanarayana,Reghbati,Development
63471,Filipp,Bael,Development
63487,Adib,Badr,Development
63497,Anneli,Griswold,Sales
63501,Laurentiu,Cesareni,Development
63508,Radhia,Scharstein,Development
63516,Toshimitsu,Steinauer,Sales
63542,Michaela,Hanratty,Development
63588,Pintsang,Curless,Sales
63612,Berto,Foote,Development
63672,Fei,Munos,Development
63679,Amalendu,Beidas,Development
63688,Jouni,Spieker,Sales
63738,Yunming,Ohori,Development
63743,Shugo,Muntz,Development
63744,Shaw,Mitchem,Development
63836,Hitofumi,Petersohn,Sales
63934,Uinam,Hedayat,Sales
63935,Tadanori,Deyuan,Development
63997,Stafford,Rosti,Development
64052,Hyuckchul,Stroustrup,Development
64054,Kaijung,Ratnakar,Development
64093,Hyuckchul,Nishimukai,Development
64136,Godehard,Lamba,Development
64138,Yuqun,Fetvedt,Sales
64147,Richard,Sevcikova,Development
64150,Noritoshi,Ghandeharizadeh,Development
64151,Rasikan,Alameldin,Development
64158,Yechiam,Fujisawa,Sales
64226,Margo,Mersereau,Sales
64243,Moss,Maraist,Development
64288,Gad,Siochi,Development
64290,Hirochika,Merro,Sales
64313,Leucio,Schlegelmilch,Development
64377,Along,Couchot,Development
64392,Amabile,Bernatsky,Development
64398,Nectarios,Perna,Sales
64401,Kristin,Swiss,Development
64488,Jaana,Kandlur,Development
64519,Kerryn,Eickenmeyer,Sales
64526,Masoud,Uehara,Sales
64581,Shaunak,Reghbati,Development
64657,Jianhui,Duclos,Development
64689,Bernice,Jakobus,Development
64692,Bowen,Ermel,Development
64707,Brigham,Chachaty,Sales
64728,Akhilish,Hedayat,Development
64753,Shahid,Swan,Sales
64761,Dekang,Fujisaki,Development
64782,Bluma,Sommer,Development
64783,Willard,Ramsey,Sales
64794,Khun,Jiang,Development
64796,Xiadong,Auria,Sales
64832,Boalin,Emmerich,Development
64837,Mantis,Petereit,Development
64855,Elrique,Hiltgen,Development
64872,Dayanand,Thibadeau,Sales
64916,Mohit,Hmelo,Sales
64955,Mariusz,Karner,Development
64969,Jasminko,Kawashima,Development
64974,Lijia,Penn,Development
65001,Jongsuk,Hardjono,Development
65028,Yifei,Businaro,Sales
65045,Abdelkader,Koshiba,Development
65056,Masako,Haldar,Development
65061,Shushma,Flowers,Development
65097,Yinlin,Meszaros,Sales
65131,Shakhar,Akiyama,Sales
65136,Terresa,Undy,Sales
65162,Marko,Peot,Development
65167,Torsten,Borovoy,Development
65173,Karlis,Binkley,Sales
65199,Ipke,Spataro,Sales
65215,Joydip,Garnham,Sales
65217,Magdalena,Leijenhorst,Development
65222,Wilmer,Zaumen,Sales
65248,Shrikanth,Felcyn,Development
65259,Kazuhide,Luef,Development
65280,Arun,Aloia,Development
65290,Sanjay,Wielonsky,Development
65358,Kshitij,Cooley,Development
65366,Bartek,Lindenbaum,Development
65368,Dung,Ladret,Development
65372,Amalendu,Lenart,Development
65387,Nathalie,Muchinsky,Development
65392,Poorav,Aseltine,Sales
65394,Jacqueline,Lamma,Sales
65428,Herbert,Luby,Sales
65448,Menkae,Benzaken,Sales
65467,Jeane,Perng,Sales
65490,Xiaobin,Wixon,Development
65493,Zeydy,Cummings,Sales
65506,Guozhong,Khalil,Development
65515,Phillip,Teitelbaum,Sales
65533,Monique,Mawatari,Development
65543,Mahmut,Verhoeff,Development
65559,Feipei,Nishimukai,Sales
65572,Hironoby,Bernardeschi,Development
65579,Adit,Orsini,Sales
65595,Kasidit,Fujisaki,Development
65605,Howell,Matzen,Development
65641,Vishu,Winter,Development
65657,Arno,Seiwald,Sales
65706,Troy,Munck,Development
65715,Nevin,Gniady,Development
65721,Marjo,Snedden,Development
65727,Matt,Ranst,Development
65748,Masoud,Gimarc,Sales
65807,Guttorm,Ranze,Development
65835,Arra,Beetstra,Sales
65858,Martins,Awdeh,Development
65868,Guoxiang,Cools,Development
65894,Yakkov,Haraldson,Sales
65899,Anyuan,Ranta,Development
65966,Jessie,Macedo,Sales
65974,Fayez,Schicker,Sales
65978,Fay,Chaudhuri,Sales
66019,Surveyors,Rosis,Development
66062,Zita,Ranta,Sales
66123,Jinxi,Comte,Development
66145,Hironobu,Ashish,Development
66159,Fuqing,Jervis,Development
66170,Aksel,Ohori,Development
66183,Ortrud,Frijda,Development
66198,Seongbin,Edelhoff,Sales
66225,Mayumi,Stifter,Sales
66229,Dannz,Mayerwieser,Sales
66231,Chaosheng,Keohane,Development
66254,Ghassan,Mahnke,Sales
66289,Taizo,Keohane,Sales
66291,Tzu,Ouhyoung,Development
66356,Masato,Coorg,Sales
66364,Jaewon,Picco,Development
66419,Przemyslawa,Perna,Development
66425,Mats,Eppinger,Development
66445,Kazuyasu,Zykh,Sales
66447,Greger,Conia,Development
66455,Doohun,Puppo,Sales
66467,Zine,Erdmenger,Development
66475,Gopalakrishnan,Birsak,Development
66477,Christfried,Borstler,Development
66480,Subhrajyoti,Tempesti,Sales
66481,Nalini,McClurg,Development
66485,Nadjib,Morrey,Development
66486,Tonia,Ghelli,Development
66556,Hongzhu,Remmele,Development
66560,Leaf,Lammel,Sales
66565,Kien,Perez,Development
66589,Troy,Yurov,Development
66604,Bezalel,Hiroyama,Development
66605,Chiranjit,Suermann,Sales
66646,Chanjung,Erman,Development
66647,Charmane,Leppanen,Development
66687,Kien,Simmen,Sales
66716,Elgin,Kermarrec,Sales
66744,Chuanyi,Puppe,Development
66775,Mariangiola,Milicia,Development
66828,Frederique,Narahara,Development
66851,Mona,Lyonns,Development
66866,Luise,Sundgren,Development
66921,Weiru,Deville,Development
66937,Chenye,Heering,Development
66945,Perry,Kusakabe,Sales
66961,Lech,Albarhamtoshy,Sales
67051,Randy,Pearson,Development
67066,Josyula,Perez,Development
67076,Jasminko,Farris,Development
67146,Horward,Hertweck,Sales
67165,Chikako,Schapire,Sales
67216,Yongmao,Streng,Development
67227,Shuky,Showalter,Development
67253,Shiv,Szmurlo,Development
67301,Xuedong,Danlos,Sales
67306,Peternela,Molenkamp,Development
67327,Tomokazu,Ernst,Development
67345,Mani,Rando,Development
67352,Masaru,Awdeh,Development
67367,Karlis,Birch,Sales
67402,Maya,Ruemmler,Sales
67404,Shaz,Shobatake,Development
67426,Haldun,Geffroy,Development
67428,Dharmaraja,Diderrich,Development
67438,Niranjan,Makinen,Development
67451,Siamak,Stellhorn,Development
67477,Morrie,Vasanthakumar,Development
67483,Oguz,Chartres,Development
67506,Collette,Verhoeff,Sales
67523,Pohua,Gelosh,Development
67529,Alejandro,Passino,Development
67553,Freyja,Hutter,Sales
67554,Xiaoheng,Bhattacharjee,Development
67570,Odysseas,Baig,Sales
67572,Gro,Katalagarianos,Development
67574,Lijie,Aingworth,Development
67609,Poornachandra,Berztiss,Sales
67640,Gen,Glinert,Development
67653,Mabo,Rathonyi,Development
67660,Kwangjo,Pena,Sales
67684,Vincent,Pintelas,Development
67729,Candida,Molenkamp,Development
67740,Reinhard,Stifter,Development
67741,Yishay,Koblitz,Development
67779,Niclas,Welham,Sales
67807,Zissis,Ramalingam,Sales
67812,Reinhold,Reinhart,Development
67815,Zongyan,Coney,Development
67820,Gay,Colorni,Development
67823,Szabolcs,Muhlberg,Development
67835,Behnaam,Luft,Sales
67845,Xuejun,Back,Sales
67853,King,Perl,Development
67862,Sven,Brizzi,Sales
67885,Nishit,Suermann,Development
67929,Richard,Iisaka,Development
67967,Marin,Stille,Development
67968,Christoper,Narahara,Sales
67994,Hatim,Paludetto,Development
67999,Sorina,Herber,Sales
68001,Marlo,Panwar,Development
68003,Kellie,Ratzlaff,Development
68005,Hilary,Montresor,Development
68028,Richara,Syang,Sales
68123,Shakhar,Rissland,Sales
68142,Aran,Nishimukai,Sales
68147,Breannda,Zhang,Development
68269,Marjo,Falster,Development
68293,Faiza,Mateescu,Development
68321,Aris,Harbusch,Development
68350,Arve,Speckmann,Development
68381,Stabislas,Hasham,Sales
68407,Jahangir,Peternell,Sales
68454,Weicheng,Kampfer,Development
68500,Leah,Stellhorn,Sales
68508,Annemarie,Swist,Development
68536,Zorica,Perly,Development
68550,Alper,Perin,Development
68568,Iara,Raney,Sales
68599,Alair,Zucker,Sales
68603,Fabrizio,Rusterholz,Sales
68604,Kannan,Dymetman,Sales
68607,Xuejia,Zallocco,Sales
68690,Elgin,Juneja,Development
68692,Behnaam,Monarch,Development
68705,Arunas,Ferretti,Development
68709,Marke,Zaccaria,Development
68744,Khedija,Spelt,Development
68747,Chikara,Binkley,Development
68761,Rasikan,Zuberek,Development
68773,Hugo,Isaac,Development
68780,Berni,Itschner,Development
68801,Ymte,Ramsay,Development
68808,Morrie,Beerel,Development
68839,Shuky,Famili,Sales
68880,Elvis,Assaf,Sales
68900,Pohua,Sevcikova,Development
68909,Jayson,Rajcani,Development
68917,Menkae,Peot,Development
68940,Froduald,Garrabrants,Sales
68964,Fai,Francisci,Development
69019,Valdiodio,Rothenberg,Sales
69020,Udo,Masaki,Development
69050,Nidapan,Anily,Sales
69177,Shan,Marchegay,Development
69206,Bojan,Melichar,Development
69226,Reinhold,Wursthorn,Development
69287,Frazer,Luders,Development
69325,Pranas,Dredge,Development
69355,Dmitry,Borovoy,Development
69366,Georg,Schrift,Development
69387,Danny,Mitsuhashi,Development
69445,Gift,Puppo,Sales
69446,Pranay,Melter,Development
69493,Odoardo,Greibach,Development
69506,Marke,Cappelletti,Development
69524,Leon,Vrecion,Development
69555,Golgen,Sabnani,Sales
69570,Katsuyuki,Reinhart,Development
69578,Shim,Sewelson,Sales
69602,Naftaly,Litzkow,Sales
69625,Remmert,Taneja,Sales
69632,Limsoon,Nations,Development
69637,Tse,Basart,Sales
69647,Deborah,Pileggi,Sales
69654,Paris,Hofman,Development
69665,Uzi,Fioravanti,Sales
69697,Zengping,Nourani,Development
69714,Anneke,Kavvadias,Development
69717,Boalin,Gecsei,Sales
69758,Arup,Yurov,Development
69767,Nakhoon,Glowinski,Development
69773,Elzbieta,Kisuki,Development
69790,Werner,Leslie,Sales
69874,Doohun,Menyhert,Development
69897,Stamatina,Kamber,Sales
69932,Surveyors,Stenning,Development
69982,Sanjoy,Lindqvist,Sales
69993,Anwar,Silva,Sales
70027,Manton,Schieder,Development
70040,Along,Montemayor,Development
70049,Dipankar,Domenig,Development
70059,Valeri,Tiemann,Sales
70077,Vesna,Panienski,Development
70087,Ronghao,Lemarechal,Sales
70117,Arie,Bail,Development
70132,Gal,Manders,Sales
70162,Danai,Wrigley,Development
70172,Toshimo,Beerel,Development
70180,Renee,Cichocki,Sales
70197,Nishit,Fritzsche,Development
70239,Cedric,McFarlin,Development
70287,Nimmagadda,McConalogue,Sales
70296,Nalini,Vadhan,Development
70310,Neven,Ranai,Sales
70354,Minghong,Gammage,Development
70374,Girolamo,Macedo,Development
70380,Alassane,Denos,Sales
70386,Guiseppe,Mamelak,Development
70422,Zine,Krichel,Development
70425,Mechthild,Businaro,Sales
70478,Basil,Peac,Development
70502,Jiann,Weedon,Sales
70514,Christoper,Highland,Development
70579,Seshu,Polajnar,Development
70584,Arun,Flasterstein,Development
70614,Nevio,Furedi,Development
70629,Shay,DiGiano,Sales
70659,Kauko,Domenig,Sales
70666,Ronghao,Veeraraghavan,Sales
70675,Edwin,Avouris,Sales
70735,Shaowei,Spataro,Development
70738,Shaleah,Kemmerer,Development
70739,Przemyslawa,Kakkar,Sales
70751,Danil,Heusch,Development
70785,Jiakeng,Swan,Development
70787,Reinhard,Masaki,Sales
70791,Aamod,Avouris,Development
70797,Alejandro,Tiemann,Development
70809,Premal,Welham,Development
70810,Vishwani,Brodal,Sales
70830,Jiakeng,Maksimenko,Development
70898,Ranan,Radhakrishnan,Development
70919,Anwar,Casley,Development
70964,Berhard,Seghrouchni,Development
70970,Yuuichi,Vesna,Development
71057,Christfried,Orsini,Sales
71076,Huei,Rosca,Sales
71100,Taisook,Karnin,Development
71118,Chirstian,Tasistro,Sales
71128,Selwyn,Dolinsky,Development
71214,Kiyomitsu,Toyoshima,Development
71246,Toshimitsu,Paludetto,Sales
71255,Mrinalini,Halloran,Development
71323,Shunichi,Brizzi,Development
71341,Seongbin,Tetzlaff,Development
71351,Otmar,Guerreiro,Sales
71365,Remzi,Bratsberg,Development
71375,Masoud,Khamsi,Sales
71398,Sanjeeva,Krohn,Sales
71405,Shuzo,Miake,Development
71416,Jayson,Demir,Development
71471,Bernice,Peak,Development
71490,Yannis,Vieri,Sales
71501,Nagui,Yurek,Development
71503,Chinhyun,Plumb,Sales
71509,Ioana,Feinberg,Development
71528,Marjo,Deverell,Development
71586,Jianwen,Cannard,Sales
71588,Junichi,Colorni,Sales
71590,Irene,Beerel,Development
71627,Aria,Ranta,Sales
71644,Bogdan,Azuma,Development
71674,Udo,Huxford,Development
71715,Eberhardt,Niizuma,Sales
71729,Jongsuk,Rosch,Development
71773,Leen,Ebeling,Sales
71810,Hideo,Ertl,Sales
71826,Chandrasekaran,Brickell,Sales
71847,Seshu,Kadhim,Sales
71864,Martina,Bellone,Development
71871,Kien,Molenkamp,Sales
71889,Tristan,Hennebert,Development
71894,Guther,Munawer,Development
71896,Magdalena,Zobel,Sales
71914,Navid,Uludag,Development
71923,Jayesh,Kavanagh,Development
71930,Lech,Etalle,Sales
71960,Teunis,Karnin,Sales
71979,Sugwoo,Kropp,Sales
71984,Fei,Thiria,Development
71985,Kristina,Emmart,Development
71998,Pranas,Lovengreen,Development
72003,Kamakshi,Besselaar,Development
72004,Macha,Undy,Development
72024,Takahiro,Wolniewicz,Development
72026,Wilmer,Pesch,Development
72031,Nagui,Makrucki,Sales
72078,Olivera,Limongiello,Development
72087,Teiji,Chartres,Development
72140,Christ,Cronau,Development
72211,Apostol,Murrill,Development
72248,Kamran,Rindone,Development
72264,Alain,Bale,Development
72307,Genta,Asser,Development
72383,Gianluca,Sidou,Development
72387,Taiji,Zeilberger,Development
72434,Snehasis,Lueh,Development
72486,Irena,Brickell,Development
72510,Miomir,Tomescu,Development
72522,Insup,Katzenelson,Development
72551,Bedir,Impagliazzo,Development
72571,Yurij,Cools,Development
72586,Jiong,Usery,Development
72598,Bogdan,Vural,Development
72625,Moti,Nyanchama,Development
72646,Elgin,Tchuente,Development
72683,Tristan,Frolund,Development
72686,Radoslaw,Marakhovsky,Development
72723,Arve,Danlos,Sales
72725,Jayesh,Felder,Development
72761,Arto,Schlegelmilch,Sales
72794,Kazuhisa,Awdeh,Sales
72799,Akeel,Usdin,Development
72836,Sadun,Baez,Sales
72863,Mohd,Kavvadias,Sales
72864,Moie,McConalogue,Development
72866,Sverrir,Zumaque,Sales
72891,Florina,Heusch,Development
72897,Faiza,Leslie,Development
72922,Kristian,DasSarma,Sales
72923,Zhenbing,Decaestecker,Development
72928,Xiahua,Rosay,Sales
72967,Menkae,Brobst,Sales
72969,Xinan,Setia,Sales
72981,Chanjung,Imataki,Sales
72986,Nikolaos,Worfolk,Development
73005,Sachem,Compeau,Development
73011,Zdislav,Kaiserswerth,Development
73017,Adel,Iisaka,Development
73035,Kensyu,Cummings,Sales
73036,Syozo,Koyama,Sales
73082,Ioana,Sadowski,Development
73109,Divine,Pusterhofer,Development
73110,Gift,Osgood,Development
73119,Miyeon,Kavraki,Development
73137,Manohar,Lortz,Development
73142,Gretta,VanScheik,Development
73143,Sreekrishna,Cincotta,Development
73194,Perry,Castellani,Sales
73225,Mana,Swick,Development
73237,Sanjoy,Bonifati,Sales
73305,Heon,Lambe,Development
73318,Elliott,Highland,Development
73322,Atreye,Tomescu,Sales
73336,Zhongwei,Molenkamp,Sales
73339,Leni,Kamble,Development
73355,Kannan,Rotem,Development
73364,Wayne,Gaughan,Development
73387,Noritoshi,Axelband,Sales
73415,Renny,Pillow,Sales
73462,Sergi,Pelc,Sales
73497,Sibyl,Huhdanpaa,Sales
73500,Sahrah,Thambidurai,Development
73523,Fei,Parascandalo,Sales
73539,Renee,Serot,Development
73542,Shigehito,Acton,Sales
73548,Margareta,Pena,Sales
73595,Nobuyoshi,Vandervoorde,Sales
73601,Aloke,Vasanthakumar,Development
73612,Toney,Lienhardt,Sales
73621,Gadiel,Imataki,Sales
73674,Yifei,Jahnichen,Sales
73687,Zito,Bakhtari,Sales
73756,Moni,Strooper,Development
73758,Serenella,Sevcikova,Development
73761,Mark,Birge,Sales
73777,Carrsten,DeMori,Development
73808,Urs,Skafidas,Development
73811,Valeri,Trogemann,Development
73823,Shaibal,Michaels,Sales
73835,Leif,Krupka,Development
73842,Seongbin,Esteva,Sales
73855,Greger,Blokdijk,Sales
73883,Lihong,Comellas,Sales
73891,Rasikan,Rebaine,Sales
73901,Arif,Ernst,Development
73914,Atreyi,Smailagic,Development
73921,Maja,Rijsenbrij,Development
73972,Makato,Biron,Sales
74014,Hilary,Benaini,Development
74021,Qiwen,Baba,Development
74027,Goo,Openshaw,Development
74046,Jungsoon,Birta,Development
74048,Krister,Mandell,Development
74101,Debaprosad,Porenta,Development
74106,Sailaja,Uchoa,Sales
74122,Sushant,Cappello,Sales
74151,Munehiro,Bahl,Sales
74166,Shawna,Beidas,Sales
74182,Takushi,Stasinski,Sales
74184,Demin,Crelier,Development
74186,Nectarios,Landherr,Sales
74188,Kersti,Cronau,Development
74233,Zvonko,Spell,Development
74246,Tomofumi,Erdi,Sales
74271,Guther,Coombs,Sales
74273,Rosita,Gladwell,Development
74316,Eran,Desikan,Sales
74332,Brigham,Impagliazzo,Development
74353,Shan,Rajala,Development
74358,Mohammad,Lanteri,Sales
74388,Mokhtar,Miyakawa,Development
74413,Juichirou,Nitta,Development
74450,Ortrun,Radivojevic,Development
74458,Gennady,Guenter,Development
74481,Theirry,Restivo,Development
74493,Susanne,Chelton,Development
74494,Jongsuk,Czap,Development
74542,Adin,Naumovich,Sales
74571,Atilio,Viele,Development
74573,Torsten,DeMori,Development
74585,Youssef,Maliniak,Development
74609,Divier,Conta,Development
74672,Vishu,Genther,Development
74683,Takanari,Clouatre,Sales
74684,Oguz,Bernatsky,Sales
74690,Kristin,Streit,Development
74699,Moon,Rotem,Development
74706,Fen,Tibblin,Development
74733,Val,Sabnani,Sales
74742,Troy,Gurbaxani,Development
74779,Beshir,Thibadeau,Sales
74783,Eckart,Schaaf,Development
74802,Mingzeng,Demizu,Development
74878,Mark,Leaver,Development
74888,Falguni,Jansen,Development
74914,Xiaopeng,Melter,Development
74923,Geoffry,Pepe,Development
74935,Manohar,Vendrig,Development
74965,Owen,Babu,Sales
75007,Yunming,Bharadwaj,Development
75051,Roddy,Mansanne,Sales
75061,Jeanne,Benner,Sales
75074,Koldo,Gyimothy,Development
75076,Licheng,Ratnakar,Sales
75081,Vesna,Gien,Sales
75096,Faiza,Himler,Sales
75114,Lillian,Ladret,Sales
75133,Tayeb,Spataro,Sales
75134,Rimli,Cullers,Sales
75142,Uwe,Speckmann,Sales
75166,Aamod,Snyers,Development
75186,Filipp,Miyakawa,Sales
75201,Boguslaw,Basagni,Sales
75226,Nechama,Couchot,Development
75236,Supot,Lorin,Development
75253,Kwee,Schaar,Development
75272,Hidekazu,Imataki,Development
75277,Arne,Demri,Sales
75285,Shahid,Ranft,Development
75314,Valter,Ranst,Sales
75347,Aemilian,Simmen,Development
75370,Kwee,Alameldin,Sales
75379,Geraldo,Desikan,Development
75406,Paraskevi,Luca,Sales
75417,Arif,Sanella,Development
75418,Kristine,Kroll,Development
75456,Lalit,Edelhoff,Development
75471,Karoline,Simmen,Sales
75477,Dekang,Tsukuda,Development
75505,Jacopo,Isaac,Sales
75511,Jianhua,Luby,Development
75530,Martial,Beutelspacher,Sales
75533,Tomoyuki,Coorg,Sales
75546,Geoffrey,Samarati,Development
75551,Sreekrishna,Schrift,Development
75574,Utpal,Melton,Sales
75640,Bokyung,Pocchiola,Sales
75659,Saniya,Riefers,Development
75668,Sarita,Bratsberg,Sales
75688,Adamantios,Crooks,Sales
75699,Toshimi,Uhrig,Sales
75704,Sanjoy,Zweizig,Development
75717,Waiman,Schach,Development
75725,Stella,Rijsenbrij,Sales
75737,Koldo,Jording,Sales
75740,Mang,Range,Development
75741,Candido,Birsak,Sales
75748,Xuejia,Varman,Sales
75755,Harjit,Mullainathan,Development
75840,Unal,Baar,Sales
75868,Marko,Sadowski,Sales
75915,Luisa,Maierhofer,Development
75916,Dante,Besselaar,Development
75944,Deborah,Rohrbach,Development
75952,Luerbio,Toyoshima,Development
75971,Honesty,Kisuki,Development
75994,Muzhong,Michaeli,Sales
76078,Hausi,Poehlman,Sales
76092,Manohar,Sevcikova,Development
76139,Mark,Speer,Sales
76142,Nikolaos,Ambroszkiewicz,Sales
76145,Mitsuyuki,Byoun,Development
76151,Manton,Marakhovsky,Development
76177,Kerryn,Sommen,Development
76211,Kenton,Hashii,Sales
76225,Dinkar,Zumaque,Sales
76234,Takahito,Lovengreen,Development
76239,Nectarios,Baca,Development
76247,Mads,Azuma,Sales
76252,Marco,Khamsi,Sales
76278,Oldrich,Heiserman,Development
76293,Nagui,Reinhart,Development
76300,Ranga,Luan,Sales
76325,Rosalie,Maierhofer,Sales
76331,Jaroslava,Delgrange,Sales
76358,Jordanka,Chinal,Development
76408,JiYoung,Ananiadou,Development
76425,Kshitij,Hockney,Development
76488,Baruch,Sridhar,Development
76493,Mansur,Oxman,Sales
76516,Arnd,Kroll,Sales
76530,Honesty,Benner,Development
76539,Cordelia,Monarch,Development
76562,Renee,Basart,Sales
76590,Mats,Bazelow,Sales
76644,Huei,Junet,Development
76667,Luisa,Puppe,Sales
76689,Mansur,Steinauer,Development
76690,Shaowen,Danley,Development
76703,Hairong,Huttel,Development
76709,Berto,Georg,Development
76727,Valeri,Dusink,Development
76749,Luise,Raoux,Sales
76750,Tomoyuki,Eastman,Development
76754,Sanjay,Roison,Development
76772,Gao,Garigliano,Development
76822,Rafail,Gniady,Development
76825,Sasan,Zaumen,Development
76878,Abdelwaheb,Turnbull,Sales
76895,Souichi,Meriste,Development
76916,Yonghong,Morton,Development
76957,Saniya,Rosca,Development
76977,Sigeru,Stroustrup,Sales
76985,Amalendu,Fontan,Development
77052,Pohua,Hagimont,Development
77068,Leucio,Rattan,Development
77081,Rance,Fritzsche,Sales
77089,Renee,Wrigley,Development
77138,Haldun,Karner,Sales
77144,Gill,Milicia,Sales
77173,Sachem,Merey,Sales
77186,Irene,Crooks,Sales
77195,Owen,Birrer,Development
77201,Kiyotoshi,Butner,Sales
77232,Kinh,Krogh,Sales
77234,Kazuhisa,Krohm,Development
77241,Uri,Sommen,Development
77263,Arto,Keustermans,Sales
77279,Xuejun,Burnard,Sales
77297,Wanqing,Zumaque,Sales
77302,Lihong,Reinhart,Development
77316,Peternela,Milicic,Development
77324,Gila,Isaac,Sales
77325,Feiyu,Brickell,Sales
77334,Jaber,Hegner,Development
77344,Gian,Lorch,Development
77346,Shir,Walston,Sales
77359,Anneke,Dengi,Development
77374,Laurentiu,Greibach,Development
77378,Zissis,Crelier,Development
77391,JiYoung,Polupanov,Development
77394,Mary,Wielonsky,Development
77406,Surveyors,Choobineh,Development
77414,Kwun,Lienhardt,Development
77441,Sachio,Luca,Development
77455,Atilio,Coullard,Development
77458,Subhankar,Cannard,Development
77460,Kiam,Usdin,Development
77475,Chinho,Ouhyoung,Development
77481,Kitty,Picel,Sales
77531,Padma,Czaja,Development
77538,Masadi,Remmers,Development
77541,Hideo,Furudate,Development
77545,Gopalakrishnan,Paciorek,Development
77551,Lansing,Ossenbruggen,Sales
77562,Gianluca,Openshaw,Development
77568,Erzsebet,Peck,Sales
77615,Jianwen,Krupka,Sales
77641,Berni,Nishimukai,Sales
77665,Paddy,Fargier,Development
77689,Abdelkader,Swan,Sales
77702,Barna,Jiang,Sales
77749,Mayumi,Bharadwaj,Development
77768,Tokuyasu,Picel,Development
77770,Gen,Przulj,Development
77814,Ferdinand,Otillio,Development
77838,Shuzo,Piazza,Development
77847,Aron,Haumacher,Development
77884,Danel,Pollacia,Development
77893,Kien,Wegerle,Development
77898,Yuchang,Christianini,Development
77915,Shimshon,Schnelling,Sales
77936,Horward,Azevdeo,Development
77974,Fei,Shihab,Development
77980,Yongmin,Sidje,Sales
77988,Tze,Gyimothy,Development
78048,Jaewoo,Jumpertz,Sales
78082,Dung,Fontan,Development
78111,Teunis,Ushiama,Sales
78116,Tokuyasu,Beerel,Sales
78153,Kwan,Akiyama,Development
78168,Yinlin,Kushnir,Development
78185,Mamdouh,Klassen,Development
78195,Suvo,Hofting,Development
78212,Zito,Ligten,Development
78225,Mircea,Ishibashi,Development
78251,Subbu,Conti,Sales
78273,Mona,Verhoeff,Sales
78310,Aria,Chaudhury,Development
78327,Tetsushi,Stranks,Sales
78331,Guozhong,Erol,Development
78348,Guoxiang,Serov,Development
78410,Sreenivas,Albarhamtoshy,Development
78436,Arne,Schaap,Development
78441,Abdulla,Beetstra,Development
78447,Chiranjit,Bahk,Sales
78474,Youssef,Belinskaya,Development
78488,Toshimori,Morton,Development
78493,Kaijung,Basagni,Development
78508,Val,Pluym,Sales
78511,Pramod,Mitina,Development
78524,Zhiwei,Bahk,Sales
78542,Atilio,Matzat,Development
78551,Lobel,Cooman,Development
78561,Perry,Birke,Development
78573,Berry,Rosiles,Sales
78649,Gino,Lorys,Sales
78692,Turgut,Nollmann,Development
78697,Troy,Stavenow,Sales
78710,Theirry,Benantar,Development
78715,Heeju,Ozeri,Development
78745,Subbu,Peris,Sales
78777,Goetz,Henders,Development
78794,Fun,Rajaraman,Development
78802,Vojin,Garigliano,Development
78814,Kasidit,Pollock,Development
78819,Vojin,Compeau,Sales
78841,Aloys,Flasterstein,Sales
78852,Kazunori,Vuskovic,Sales
78863,Arie,Chinen,Sales
78888,Shimshon,Lung,Sales
78907,Georgi,Detkin,Development
78932,Yannis,Marquardt,Sales
78938,Kerhong,Krybus,Sales
79002,Lena,Pappas,Development
79010,Marsal,Pusterhofer,Development
79026,Armond,Frijda,Development
79042,Iara,Narwekar,Development
79049,Lijie,Besancenot,Sales
79073,Almudena,Bhattacharjee,Sales
79110,Aiichiro,Vecchi,Development
79131,Tayeb,Speer,Development
79177,Mooi,Herbst,Development
79203,Gilbert,Reinhart,Development
79204,Juyoung,Lund,Sales
79210,Mansur,Antonakopoulos,Development
79218,Rosita,Luce,Development
79247,Yinlin,Beetstra,Development
79251,Gennady,Taubenfeld,Sales
79264,Chaosheng,Demizu,Development
79290,Mohit,Perelgut,Development
79348,Mari,Gire,Development
79367,Shir,Kandlur,Development
79390,Bernt,Shigei,Sales
79391,Gritta,Garnham,Development
79429,Koldo,Swab,Development
79434,Claudi,Byoun,Development
79442,Yannis,McClurg,Sales
79463,Mizuhito,Hennebert,Sales
79470,Sadegh,Schmittgen,Development
79473,Denny,Ellozy,Development
79486,Mitchel,Garigliano,Development
79488,Yolla,Shumilov,Development
79505,Sariel,Farrel,Development
79509,Vitaly,Akiyama,Sales
79566,Fumino,Peron,Sales
79567,Karoline,Willoner,Development
79644,Radoslaw,Lindenbaum,Development
79669,Premsyl,Meszaros,Development
79684,JiYoung,Janocha,Sales
79696,Gopalakrishnan,Vadhan,Development
79703,Remco,Einsfeld,Development
79704,Ipke,Neiman,Development
79748,George,Beutelspacher,Development
79761,Prasadram,Encarnacion,Development
79765,Gonzalo,Danecki,Sales
79766,Fox,Swiler,Development
79772,Xiaoqiu,Gulik,Sales
79789,Kotesh,Crelier,Development
79834,Guiseppe,Wuwongse,Sales
79839,Khue,Bolotov,Development
79858,Mansur,Marzano,Development
79910,Gad,Honglei,Sales
79979,Yunming,Papsdorf,Development
79999,Chuanti,Jakobus,Development
80032,Yurij,Isaac,Sales
80070,Mana,Thisen,Sales
80092,Yucel,Wilharm,Development
80132,Nidapan,Hedayat,Development
80136,Gaurav,Berstel,Development
80171,Kshitij,Zykh,Development
80198,Yefim,Anger,Sales
80223,Sadegh,Einsfeld,Development
80224,Reinhard,Zaiane,Sales
80227,Kerryn,Braunschweig,Development
80251,Yoshinari,Kitai,Development
80258,Hirochika,Hiyoshi,Sales
80270,Fen,Jonsson,Sales
80288,Teiji,Rousseau,Development
80332,Behnaam,Masand,Sales
80370,Honesty,Weiland,Development
80375,Atreye,Peac,Development
80389,Pasqua,Rosiles,Development
80429,Prodip,Suermann,Sales
80439,Jolita,Calkin,Development
80456,Aemilian,Gire,Development
80466,Takahiro,Bala,Sales
80550,Candida,Cullers,Development
80611,Pramod,Sifakis,Development
80617,Prodip,Kugler,Development
80620,Filipe,Gischer,Sales
80653,Chiranjit,Kavanagh,Development
80665,Angel,Angot,Sales
80689,Hitofumi,Conta,Development
80705,Josyula,Shackel,Development
80744,Badri,Bauknecht,Sales
80746,Keiichiro,Jahnichen,Development
80774,Vishv,Pollacia,Development
80781,Xudong,Danner,Development
80790,Stepehn,Unno,Development
80791,Takahiro,Molenkamp,Development
80801,Bluma,Ambroszkiewicz,Sales
80834,Sham,Reinhart,Development
80838,Cheong,Ruemmler,Sales
80844,Brigham,Hellwagner,Development
80862,Serenella,Improta,Sales
80869,Ishfaq,Randi,Development
80873,Marsal,Nishimukai,Sales
80903,Yakichi,Dulin,Development
80937,Chikako,Jiang,Sales
80981,Fumitake,Niizuma,Development
80991,Marco,Schreiter,Sales
81007,Mototsugu,Rande,Sales
81035,Hsiangchu,Boreale,Sales
81047,Masaki,Dulay,Development
81052,Ziya,Levergood,Sales
81152,Macha,Junet,Development
81177,Bodh,Berendt,Development
81189,Serge,Broomell,Sales
81201,Werner,Knightly,Sales
81207,Barry,Hofstetter,Development
81208,Sumant,Rindone,Development
81292,Ortrun,Copas,Development
81303,Ghassan,Berstel,Sales
81329,Divine,Gire,Development
81338,Xiaoqiang,Erol,Sales
81340,Baocai,Poehlman,Sales
81358,Premal,Quadeer,Sales
81368,Frederique,Ghemri,Development
81376,Gunilla,Fabrizio,Development
81408,Atreye,Picaronny,Sales
81412,Zhenhua,Menyhert,Sales
81432,Hideyuki,Veldwijk,Development
81438,Mack,McClure,Development
81466,Zejun,Krone,Development
81468,Aiman,Bodoff,Development
81479,Girolamo,Vuskovic,Development
81494,Hatsukazu,Litzkow,Development
81510,Mamdouh,Penttonen,Sales
81517,Xiong,Reutenauer,Sales
81527,Arnd,Bouloucos,Sales
81564,Martijn,Michaels,Development
81572,Ingemar,DiGiano,Development
81592,Monique,Rehfuss,Sales
81594,Saddek,Spinelli,Development
81603,Suzette,Zuberek,Sales
81658,Rosine,Pearson,Development
81660,Arno,Schaap,Development
81672,Kazuhito,Aloia,Development
81717,Toney,Anguita,Sales
81730,Sergi,DuBourdieux,Sales
81755,Peer,Beeson,Development
81810,Baruch,Schaap,Development
81815,Chaitali,Kuhnemann,Development
81849,Debatosh,Bednarek,Sales
81851,Dante,Heystek,Development
81861,Tesuro,Walstra,Development
81900,Mario,Bernatsky,Development
81940,Ioana,Siksek,Development
81973,Shigenori,Panienski,Sales
81981,Weicheng,Welham,Development
81988,Lene,Pews,Sales
81998,Mari,Iwayama,Sales
82003,Saeko,Tomescu,Development
82027,Henk,Ellozy,Sales
82045,Tse,Bolsens,Development
82052,Lidong,Rahier,Sales
82065,Christophe,Anger,Development
82107,Gunilla,Heping,Sales
82110,Vugranam,Gecsel,Sales
82116,Chiradeep,Shiratori,Development
82123,Tokuyasu,Dayana,Development
82139,Satoru,Zucker,Development
82145,Zhongwei,Pagter,Sales
82162,Shigeo,Kroft,Development
82194,Geoff,Eastman,Development
82222,Sampalli,Luit,Development
82227,Xiaocheng,Sethi,Development
82263,Vishv,Haumacher,Sales
82278,Tomokazu,Murillo,Sales
82295,Manohar,Parfitt,Development
82309,Hideyuki,Ramsak,Sales
82310,Jinxi,Panangaden,Development
82324,Ashish,Knightly,Sales
82339,Jeanna,Schrift,Development
82350,Nahla,Stifter,Development
82367,Miyeon,Halloran,Sales
82371,Frederique,Erev,Sales
82385,Sanjai,Biran,Sales
82388,Munehiko,Zucker,Development
82391,Mayuko,McAffer,Sales
82397,Mart,Peris,Sales
82443,Vincent,Perry,Development
82457,Vidar,Pauthner,Development
82478,Vishwani,Ginneken,Development
82491,Lalit,Lorho,Development
82555,Fabrizio,Kavraki,Development
82571,Padma,Argence,Development
82573,Genevieve,Berendt,Sales
82601,Munehiko,Nitto,Development
82634,Volkmar,Plesums,Development
82646,Shugo,Plump,Development
82668,Feipei,Menhardt,Sales
82678,Poorav,Haldar,Development
82689,Zijian,Crouzet,Development
82704,Marla,Lunn,Development
82760,Weiwu,Dulay,Development
82761,Mabry,Underwood,Sales
82808,Sumant,Reinhart,Development
82834,Kersti,Lieblein,Development
82856,Hidefumi,Erez,Development
82875,Domenick,Terekhov,Sales
82895,Ramya,Peck,Development
82970,Qiwen,Servieres,Sales
82981,Fayez,Mitina,Development
82992,Jixiang,Marwedel,Development
82996,Shahab,Ramras,Development
83057,Niteen,Passafiume,Sales
83092,Bernt,Kranzdorf,Development
83125,Frederique,Staudhammer,Development
83143,Luisa,Krupka,Development
83189,Kristian,Birrer,Development
83194,Vidar,Bridgland,Sales
83260,Premsyl,Markovitch,Development
83284,Genta,Ghalwash,Development
83294,Gudjon,Petersohn,Development
83296,Pascal,Lorin,Development
83328,Ute,Demri,Development
83348,Bokyung,Kuszyk,Development
83375,Anestis,Kenevan,Development
83408,Brewster,Pettey,Development
83443,Shigeu,Nooteboom,Development
83468,Charlene,Beilner,Sales
83506,Mohamadou,Lamma,Development
83515,Fay,Collavizza,Development
83546,Maha,Kawashimo,Development
83557,Elvis,Candan,Development
83559,Mircea,Schmittgen,Development
83573,Slavian,Thummel,Development
83574,Gonzalo,Masamoto,Sales
83585,Susuma,Himler,Development
83595,Divine,Koshino,Development
83626,Reuven,Maccarone,Development
83643,Jinxi,Tsukune,Development
83650,Mariangiola,Raoux,Development
83730,Dharmaraja,Lorie,Sales
83748,Hyuncheol,Molberg,Development
83756,Constantijn,Esposito,Development
83757,Radhia,Zielinski,Development
83768,Mark,Ariola,Sales
83778,Premsyl,Nitto,Sales
83787,Xuejia,Lanzelotte,Sales
83797,Kazuhisa,Fontan,Sales
83798,Shigeo,Kropp,Development
83804,Iara,Kragelund,Development
83806,Froduald,Kumaresan,Development
83808,Danel,Setiz,Sales
83829,Cristinel,Zielinski,Sales
83849,Shaleah,Schwartzburd,Development
83850,Mooi,Bugaenko,Sales
83881,Gino,Michaels,Development
83895,Hyuncheol,Pettey,Development
83898,Erzsebet,England,Development
83910,Zdislav,Flexer,Development
83934,Mabhin,Edelhoff,Development
83947,Lucien,Usdin,Development
83968,Giap,Rando,Development
83977,Masali,Yetim,Sales
84000,Val,Antonakopoulos,Development
84001,Badri,Facello,Development
84051,Kirk,Taubman,Sales
84059,Lidong,Hofting,Development
84066,Jianhui,Thambidurai,Development
84098,Shalesh,Merle,Sales
84114,Gaetan,Naudin,Development
84138,Jovan,Maginnis,Development
84188,Serenella,Holburn,Development
84202,Atreye,Serre,Development
84214,Van,Chaudhuri,Development
84219,DeForest,Vuskovic,Sales
84260,Gunilla,Boreale,Development
84263,Jackson,Henseler,Sales
84268,Kazuhira,Belinskaya,Development
84292,Leaf,Luff,Development
84305,Minghong,Kalloufi,Development
84331,Ziyad,Rousseau,Sales
84340,Moriyoshi,Granlund,Sales
84362,JoAnne,Maccarone,Development
84370,Fei,Reghbati,Sales
84382,Harjit,Wallrath,Development
84419,Hailing,Foote,Development
84459,Amalendu,Barreiro,Development
84475,Kien,Erni,Development
84487,Apostol,Hashii,Development
84502,Murthy,Tomescu,Development
84510,Matt,Leaver,Development
84552,Pramod,Sidou,Development
84568,Denny,Peltason,Development
84587,Sangeeta,Bressoud,Development
84600,Sham,Chachaty,Development
84606,Gully,Kawashimo,Development
84626,Yonghong,Pena,Development
84629,Heon,Kaltofen,Sales
84662,Sanjeeva,Kalafatis,Sales
84671,Lenore,Dalphin,Development
84672,Mihalis,Lamparter,Sales
84685,Alejandra,Jullig,Development
84686,Rosli,Vieri,Development
84720,Akemi,Champarnaud,Sales
84734,Khedija,Kadhim,Development
84743,Juichirou,Picaronny,Development
84747,Yoshinari,Felcyn,Sales
84773,Naraig,Frolund,Development
84821,Magy,Vieri,Sales
84883,Vishv,Khalil,Sales
84901,Lucien,Peak,Sales
84907,Miomir,Smailagic,Sales
84917,Rafael,Fetvedt,Development
84974,Baocai,Pell,Development
84999,Turgut,Koblitz,Sales
85017,Falguni,Swiler,Sales
85028,Ebru,Heydon,Sales
85057,Charlene,Sadowsky,Development
85079,Shan,Wossner,Sales
85096,Xinglin,Feinberg,Development
85111,Sastry,Kavraki,Sales
85184,Gretta,Peng,Development
85199,Souichi,Barbanera,Development
85204,Moni,Silva,Sales
85206,Shahar,Navazio,Development
85215,Along,Detkin,Sales
85219,Anyuan,Zaiane,Development
85220,Kristin,Lipner,Development
85230,Gal,Demke,Sales
85267,Masaru,Winter,Sales
85278,Kamakshi,Karnin,Development
85300,Panayotis,Domenig,Development
85328,Kien,Kitsuregawa,Development
85371,Suebskul,Lanphier,Sales
85374,Hairong,Herber,Development
85394,Sastry,Conta,Development
85406,Serap,Matzke,Sales
85416,Haldun,Melton,Development
85470,Domenick,Mahmud,Development
85489,Adas,Zwicker,Sales
85524,Lillian,Tokunaga,Development
85532,Jinxi,Imataki,Development
85537,Tzu,Bernatsky,Sales
85552,Atilio,Perko,Development
85555,Parke,Morrow,Development
85583,Sanjeeva,Hiyoshi,Development
85609,Otmar,Benner,Development
85621,Steen,Peha,Sales
85641,Breannda,Buescher,Sales
85645,Henk,Ashish,Development
85647,Kristian,Waymire,Sales
85675,Ziya,Spell,Development
85696,Wuxu,Mitzlaff,Sales
85719,Satosi,Rosti,Sales
85743,Ramalingam,Wissmann,Sales
85755,Aloys,Ozeri,Sales
85776,Dante,Reutenauer,Sales
85784,Nechama,Cronau,Sales
85796,Honglan,Boissier,Sales
85812,Seshu,Erbe,Development
85825,Hongzhu,Zedlitz,Sales
85827,Basant,Schach,Sales
85850,Leszek,Usdin,Development
85866,Dinkar,Baek,Sales
85883,Takahito,Reghbati,Development
85894,Teunis,Eugenio,Development
85901,Tommaso,Hagimont,Sales
85924,Gita,Menhardt,Development
85939,Xinyu,Schlegelmilch,Sales
85968,Idoia,Lorch,Development
85988,Aiichiro,Brlek,Sales
86003,Khaled,Zielinski,Development
86014,Maris,Zeilberger,Development
86029,Yuguang,Cronau,Development
86037,Khaled,Badache,Sales
86047,Ebru,Suppi,Development
86065,Suebskul,Fetvedt,Development
86070,Diederik,Restivo,Development
86071,Premsyl,Kavvadias,Sales
86083,Parke,Spell,Development
86155,Tadahiko,Luke,Development
86175,Marc,Herbst,Development
86217,Mari,Asrin,Development
86252,Mahendra,Selenyi,Sales
86267,Masato,Guting,Development
86269,Kristinn,Swift,Sales
86284,Fabrizio,Wrigley,Development
86297,Susuma,Feldmann,Development
86321,Shiv,Vasanthakumar,Development
86342,Marit,Boguraev,Development
86351,Jackson,Staylopatis,Sales
86395,Duke,Grospietsch,Sales
86404,Jungsoon,Quaggetto,Development
86437,Zvonko,Bednarek,Development
86491,Shuzo,Conta,Development
86559,Weiye,Tsukuda,Development
86561,Thodoros,Frolund,Development
86608,Honglan,Shigei,Sales
86612,Yuchang,McAffer,Sales
86626,Sashi,Polajnar,Sales
86631,Tristan,Isaac,Development
86634,Odysseas,Terlouw,Development
86654,Jeane,Taubenfeld,Sales
86746,Parke,Seiwald,Development
86754,Guadalupe,Vigier,Sales
86776,Palash,Danecki,Sales
86788,Golgen,Saoudi,Sales
86831,KayLiang,Nanard,Sales
86853,Dhritiman,Giveon,Sales
86871,Djenana,Zolotykh,Development
86905,Alenka,Streng,Development
86906,Adel,Fiutem,Development
86934,Jovan,Strooper,Development
86948,Rosita,Swan,Sales
86969,Shai,Rijckaert,Development
86973,Shao,Honiden,Development
86984,Lakshmi,Kawashima,Development
87001,Sanjit,Maquelin,Sales
87022,Mario,Eterovic,Development
87030,Shmuel,Prenel,Sales
87043,Fay,Anily,Development
87054,Szabolcs,Kandlur,Development
87059,Girolamo,Leuchs,Sales
87060,Willard,Birdsall,Sales
87064,Ewing,Bednarek,Development
87070,Tsz,Farrow,Development
87078,Boalin,Muntz,Development
87094,Stevo,Turnbull,Development
87115,Charlene,Zyda,Sales
87137,Aluzio,Tsunoo,Sales
87144,Kshitij,Naudin,Development
87158,Nahid,Neiman,Development
87160,Nevio,Gihr,Development
87161,Ennio,Sudkamp,Sales
87168,Herb,Beerel,Development
87170,Macha,Gide,Development
87196,Caolyn,Ozery,Development
87199,Yefim,Luck,Development
87202,Hatem,Coors,Sales
87232,Arch,Thebaut,Development
87234,Boriana,Mungall,Sales
87246,Boaz,Melichar,Sales
87274,Hilari,Gide,Sales
87319,Zita,Bain,Development
87372,Maren,Stellhorn,Sales
87374,Sampalli,Maraist,Sales
87401,Shietung,Zweizig,Development
87422,Mohamadou,Lorcy,Development
87449,Golgen,Validov,Development
87483,Vesna,Baranowski,Development
87492,Susuma,Kushner,Development
87504,Fumiya,Takanami,Development
87526,Turgut,Lanphier,Sales
87568,Erez,Usery,Development
87585,Oscar,Morrin,Development
87640,Shigehito,Swift,Development
87663,Lenore,Pews,Development
87681,IEEE,Birge,Development
87693,Mikhail,Osgood,Development
87697,Sanjoy,Luit,Sales
87723,Uwe,Kowalchuk,Development
87751,Lakshmi,Frolund,Sales
87806,Khatoun,Shokrollahi,Sales
87824,Serenella,Falster,Development
87851,Aloys,Asser,Sales
87852,Nikolaos,Pokrovskii,Sales
87869,Alassane,Luit,Sales
87875,Anneli,Reeker,Development
87881,Yechezkel,Masaki,Development
87902,Phuoc,Compeau,Development
87948,Subhash,Kalafatis,Development
87951,Ottavia,Rohrbach,Development
87958,Leandro,Mattern,Development
87982,Lijia,Conia,Development
87992,Moriyoshi,Iivonen,Sales
87993,Masasuke,Hiraishi,Development
88005,Mrinalini,Brookman,Development
88010,Prodip,Ventosa,Sales
88015,Dmitry,Akiyama,Development
88032,Urs,Serra,Sales
88080,Mack,Heuser,Sales
88136,Shir,Stille,Development
88145,Sanjit,Ernst,Development
88190,Lech,Radivojevic,Sales
88195,Ghassan,Krogh,Development
88213,Zvonko,Varman,Development
88247,Marjo,Fasbender,Sales
88262,Sham,Stassinopoulos,Development
88269,Demin,Kaelbling,Sales
88298,Shuji,Vidya,Development
88314,Tsutomu,Denti,Development
88340,Gad,Fiutem,Sales
88354,Lijia,Jiafu,Sales
88358,Trygve,Salinas,Development
88378,Shaz,Rodier,Development
88382,Genta,Penz,Development
88387,Sanjeeva,Lundstrom,Development
88393,Kauko,Farris,Development
88401,Evgueni,Eiter,Sales
88408,Rasiah,Skrikant,Sales
88419,Luerbio,Murillo,Development
88441,Mart,Moehrke,Development
88449,Lihong,Naudin,Development
88503,Anestis,Rosenbaum,Development
88544,Yannik,Gilg,Sales
88548,Baruch,Heijenga,Development
88556,Ute,Ravishankar,Development
88579,Vasilii,Himler,Development
88599,Kristin,Schneeberger,Development
88600,Bernd,Ranze,Sales
88616,Tadahiro,Esposito,Development
88663,Adly,Deville,Development
88741,Ottavia,Rattan,Development
88748,Satoru,Sigstam,Development
88754,Garnet,Thorensen,Sales
88776,Bedir,Kaiser,Sales
88778,Mohammed,Gruenwald,Development
88806,Laurentiu,Ernst,Sales
88825,Fun,Alvarado,Development
88869,Miomir,Plump,Development
88893,Shaleah,Shanbhogue,Development
88924,Qiwen,Alameldin,Development
88937,Angel,Waschkowski,Development
88938,Rosine,Detkin,Sales
88975,Miomir,Baak,Sales
88987,Miomir,Prenel,Development
88997,Leif,Giveon,Development
89002,Luisa,Pelz,Development
89010,Jingling,Weisert,Development
89022,Atilio,Orlowski,Sales
89026,Rafols,Siprelle,Sales
89038,Troy,Kambil,Development
89051,Demos,Ritzmann,Sales
89053,Arunachalam,Bolsens,Development
89063,Gen,Marshall,Development
89074,Dmitry,Chandrasekhar,Sales
89080,Gil,Smeets,Development
89119,Pranjal,Cyne,Development
89133,Fumino,Kermarrec,Development
89136,Poornachandra,Swab,Development
89154,Dietrich,Isaak,Sales
89179,Weijing,Kranzdorf,Sales
89265,Munir,Gopalakrishnan,Sales
89270,Francoise,Chachaty,Development
89275,Menkae,Jonsson,Sales
89300,Xiaoqiang,Schaar,Development
89331,Ranga,Narahara,Development
89333,Mona,Iisaka,Development
89362,Jiafu,Flasterstein,Development
89381,Paraskevi,Anily,Sales
89388,Divier,Hasenauer,Development
89399,Erzsebet,Smeets,Development
89404,Arnd,Peng,Development
89425,Chandrasekaran,Baba,Sales
89431,Yunming,Pileggi,Development
89476,Xiaoqiang,Perna,Development
89480,Palash,Angelov,Sales
89507,Diederik,Orlowska,Development
89525,Kristin,Pleszkun,Development
89531,Sachem,Boguraev,Development
89537,Gaurav,Tasistro,Development
89553,Gilbert,Pocchiola,Development
89567,Kankanahalli,Masand,Sales
89573,Ute,Varley,Sales
89640,Sreekrishna,Muhling,Sales
89743,Hugo,Ferriere,Development
89760,Mandell,Ducloy,Sales
89776,Seongbae,Remmers,Sales
89785,Amabile,Beerel,Development
89795,Yinlin,Kirkerud,Development
89812,Boriana,Vingron,Development
89825,Ingmar,Isard,Sales
89859,Guangming,Lalonde,Development
89882,Abdulla,Murrill,Development
89885,Supot,Zumaque,Development
89887,Zhonghui,Munro,Sales
89912,Dietrich,Ouhyoung,Development
89915,Qunsheng,Lores,Development
89932,Kerryn,Sanella,Development
90029,Boaz,Melton,Development
90052,Gill,Cangellaris,Sales
90059,Fumiyo,Setia,Development
90080,Hyuncheol,Taubenfeld,Development
90122,Taisook,Halevi,Sales
90125,Shugo,Reghbati,Development
90138,Shin,Selvestrel,Development
90152,Chenye,Birrer,Development
90163,Harjit,Ghandeharizadeh,Development
90213,Kotesh,Kobara,Development
90256,Toney,Brender,Development
90261,Rimli,Merle,Development
90277,Conor,Alencar,Development
90288,Jaideep,Shumilov,Development
90304,Shigenori,Kavvadias,Development
90309,Zengping,Siegrist,Development
90329,Palash,Renear,Sales
90353,Mingzeng,Cooley,Development
90357,Honglan,Lunn,Development
90390,Marko,Kadhim,Sales
90413,Qunsheng,Ramamoorthy,Development
90425,Masasuke,Schrift,Development
90428,Niranjan,Braunschweig,Sales
90519,Syozo,Rodite,Sales
90527,Shuzo,Erman,Development
90572,Naraig,Tokunaga,Development
90603,Kristine,Birge,Development
90637,Kauko,Kusakabe,Sales
90661,Christ,Marquardt,Development
90672,Xiaoqiang,Vernadat,Development
90673,Younwoo,Hutton,Development
90680,Frederique,Nyrup,Development
90687,Babette,Limongiello,Development
90714,Boriana,Manderick,Sales
90749,Martins,Vesna,Sales
90760,Hein,Vingron,Development
90765,Lein,Neiman,Development
90771,Divier,Luon,Development
90776,Bouchung,Skrikant,Sales
90793,Jinpo,Acton,Development
90810,Barton,Buchter,Development
90812,Marie,Thibadeau,Sales
90821,Jingling,Kadhim,Development
90857,Kish,Thisen,Sales
90862,Masadi,Billingsley,Sales
90867,Kristin,Parfitt,Development
90880,Prodip,Einsfeld,Sales
90889,Berhard,Braccini,Development
90895,Guenter,Lorch,Development
90912,Kazunori,Feldmann,Development
90913,Xiahua,Levergood,Development
90914,Danel,Mandell,Development
90931,Sadun,Rousseau,Sales
90936,Xinglin,Yavatkar,Sales
90964,Basil,Kuszyk,Development
90975,Dulce,Brickell,Development
91009,Minghong,Liedekerke,Development
91018,Vitali,Binding,Development
91058,Weijing,Litzkow,Sales
91080,Parviz,Skogmar,Sales
91093,Josyula,Luders,Sales
91113,Goncalo,Begiun,Sales
91139,Gererd,Quittner,Sales
91150,Kwee,Schaad,Sales
91153,Yefim,Clouatre,Development
91187,Shigehito,Falby,Sales
91204,Wanqing,Shigei,Development
91225,Pranjal,Mamelak,Sales
91246,Xiaoshan,Makrucki,Development
91265,Somnath,Ohori,Sales
91270,Xiahua,Hiraishi,Development
91310,Gaurav,Kakkad,Sales
91314,Hilari,Fendler,Development
91325,Phillip,Beutelspacher,Sales
91341,Weiru,Fontan,Development
91420,Jacqueline,Suppi,Sales
91429,Shaunak,Pollock,Sales
91452,Nevio,Flasterstein,Sales
91475,Pranay,Raczkowsky,Sales
91493,Filipe,Gien,Development
91496,Sven,Casperson,Sales
91500,Bogdan,Kriebel,Development
91506,Lillian,Isaac,Sales
91510,Chandrasekaran,Murthy,Development
91517,Serif,Hofstetter,Sales
91521,Akeel,Murthy,Sales
91563,Hugh,Munos,Development
91566,Hongzue,Rohrbach,Sales
91607,Josyula,Speckmann,Development
91620,Jenwei,McDermid,Development
91637,Gino,Menhoudj,Sales
91638,Youjian,Siprelle,Development
91656,Clyde,Collavizza,Development
91675,Parke,Wrigley,Sales
91688,Vishv,Veevers,Development
91702,Kensei,Stanfel,Development
91720,Phillip,Suwa,Development
91722,Yonghoan,Dolinsky,Development
91774,Hugo,Pietracaprina,Sales
91775,Kristian,Nishimukai,Development
91820,Arunachalam,Hofman,Development
91845,Caolyn,Zeidenstein,Development
91850,Rasikan,Keirsey,Development
91871,Selwyn,Androutsos,Development
91885,Fai,Moehrke,Development
91888,Peer,Werthner,Development
91913,Alain,Hofmeyr,Development
91932,Zhenhua,Crooks,Development
92027,Georg,Adachi,Development
92053,Uri,Gonthier,Development
92054,Gonzalo,Cooley,Development
92063,Deniz,Olivero,Sales
92089,Youjian,Fiutem,Development
92117,Djelloul,Hammerschmidt,Development
92136,Isaac,Kamber,Development
92145,Marl,Schueller,Sales
92157,Ioana,Matzel,Sales
92210,Kazuhito,Assaf,Development
92251,Jianhao,Furudate,Development
92262,Danae,Imataki,Development
92323,Florina,Azuma,Sales
92338,Fun,Verspoor,Development
92415,Zorica,Lemarechal,Sales
92429,Mariusz,Yurov,Development
92442,Lenore,Birdsall,Development
92513,Honesty,Asrin,Development
92517,Mamdouh,Suessmith,Development
92563,Kensyu,Ranze,Development
92592,Kirk,Lorho,Sales
92690,Jackson,Yurov,Development
92770,Sudharsan,Braunmuhl,Development
92802,Alair,Luks,Sales
92829,Nechama,Kalefeld,Development
92835,Freyja,Godskesen,Development
92842,Maris,Lorie,Development
92870,Atilio,Imataki,Development
92878,Phule,Birjandi,Sales
92898,Gil,Ghazalie,Sales
92965,Weiye,Salinas,Sales
92980,Quingbo,Kakkad,Development
92983,Masoud,Rosca,Development
92987,Kiyotoshi,Emden,Sales
93001,Kersti,Pusterhofer,Sales
93017,Gian,Terkki,Development
93020,Masako,Fraisse,Development
93038,Chenyi,Michaeli,Sales
93049,Christoper,Ananiadou,Development
93061,Cheong,Matteis,Development
93080,Amstein,Heering,Sales
93107,Martien,Buchter,Development
93130,Kwun,Neimat,Sales
93150,Piyush,Papsdorf,Sales
93161,Giao,Garrabrants,Sales
93183,Kenton,Marzano,Development
93197,Arie,Magliocco,Sales
93203,Danel,Zizka,Sales
93219,Dulce,Kolinko,Development
93221,Sanjit,McDermid,Sales
93224,Shigeo,Gonthier,Development
93241,Juichirou,Borstler,Sales
93254,Shigeo,Cichocki,Sales
93299,Hatsukazu,Swist,Development
93314,Carrsten,Beeson,Development
93321,Masako,Nivat,Sales
93329,Shirish,Anily,Sales
93344,Bernardo,Escriba,Sales
93357,Padma,Prochazka,Sales
93366,Heejo,Schach,Sales
93389,Sungwon,Hooghiemstra,Development
93396,Giap,Penn,Development
93399,Rosalie,Bennet,Development
93412,Sivanarayana,Sinicrope,Sales
93416,Naftaly,Flowers,Sales
93426,Olivera,Kambil,Development
93430,Golgen,Baar,Sales
93433,Abdelkader,Tchuente,Sales
93450,Jiakeng,Kieras,Sales
93492,Lenore,Yetim,Development
93495,Lunjin,Gill,Development
93509,Lijie,Perl,Development
93520,Angel,Unni,Sales
93536,Zhonghua,Zongker,Development
93539,Stevo,Heystek,Sales
93551,Sanjay,Shrader,Sales
93576,Xuedong,Thorensen,Sales
93611,Mizuhito,Gronowski,Sales
93634,Dietrich,Chelton,Sales
93670,Djelloul,Pulkowski,Development
93682,Mari,Mukaidono,Development
93722,Tetsurou,Kavraki,Sales
93735,Bernice,Krichel,Development
93742,Shay,Ushiama,Sales
93745,Mandell,Schrooten,Development
93763,Kazuhisa,Jullig,Sales
93798,Monique,Azumi,Development
93825,Rosella,Mitsuhashi,Development
93915,Genevieve,Waymire,Development
93921,Chuanti,Driscoll,Development
93928,Tomoyuki,Axelband,Sales
93932,Giap,Parveen,Sales
93938,Boutros,Veeraraghavan,Sales
93958,Morrie,Cyre,Development
93960,Xianlong,Seghrouchni,Sales
93995,Saeed,Luon,Development
94008,Sumali,Itzfeldt,Sales
94030,Masato,Shobatake,Development
94032,Jinya,Katiyar,Development
94034,Vasilis,Riesenhuber,Development
94042,Yonghoan,Bruckman,Sales
94118,Gina,Ellozy,Development
94120,Limsoon,Ohori,Development
94142,Weiyi,Avouris,Development
94164,Frazer,Naumovich,Sales
94172,Ronnie,Bage,Sales
94210,Ekawit,Pouyioutas,Sales
94211,Martins,Yurov,Development
94229,Shen,Thambidurai,Development
94270,Serge,Heuser,Development
94285,Goa,Munro,Development
94287,Kiyokazu,Buchter,Sales
94309,Tomoyuki,Zobel,Development
94320,Kirk,Papsdorf,Development
94332,Teiji,Sudbeck,Sales
94341,Bokyung,Serre,Development
94342,Ramalingam,Demizu,Development
94405,Ramalingam,Escriba,Sales
94410,Iara,Schieder,Sales
94425,Kersti,Nergos,Sales
94462,Sadegh,Lukaszewicz,Sales
94480,Remzi,Majewski,Development
94582,Willard,Baar,Development
94589,Sibyl,Heusch,Development
94596,Nahid,Biros,Development
94603,Fox,Kuszyk,Development
94658,Basil,Kaelbling,Sales
94666,Gudjon,Denti,Development
94680,Teruyuki,Baja,Sales
94681,Nigel,Clemencon,Development
94710,Anneke,Schrooten,Development
94732,Heping,Eiter,Development
94735,Rosine,Peak,Development
94775,Moie,Kilgore,Sales
94815,Kwun,Dusink,Development
94833,Miyeon,Kleiser,Sales
94849,Shao,Koshino,Development
94864,Boriana,Cronin,Development
94871,Kasidit,Chenney,Sales
94914,Ranan,Preusig,Sales
94920,Gretta,Birrer,Development
94987,Kazuhira,Berendt,Development
94998,Goh,Koblitz,Development
95133,Shiv,Strandh,Development
95223,Torsten,Quittner,Development
95277,Gina,Gist,Development
95278,Roselyn,Seghrouchni,Development
95281,Kensyu,Savasere,Sales
95285,Dipayan,Muhling,Development
95294,Dulce,Bain,Development
95317,Srinidhi,Rosis,Sales
95322,Remzi,Demizu,Sales
95323,Patricia,Makinen,Development
95346,Jouko,Heering,Sales
95362,Yonghong,Zyda,Sales
95365,Xuejia,Sichman,Development
95376,Vishu,Docker,Development
95393,Udaiprakash,Magliocco,Development
95405,Phillip,Ellozy,Sales
95428,Shuzo,Conde,Sales
95470,Roddy,Gajiwala,Sales
95473,Roselyn,Wallrath,Development
95503,Pranay,Pulkowski,Development
95505,Tsz,Cooley,Sales
95510,Mototsugu,Christ,Development
95541,Chinho,Whitcomb,Development
95549,Arun,Sooriamurthi,Sales
95558,Vasiliy,Etalle,Development
95601,Vincent,Guting,Sales
95647,Francoise,Cheshire,Development
95662,Martien,Spell,Development
95670,Shaleah,Krybus,Sales
95696,Akemi,Schaft,Development
95714,Doohun,Kaiserswerth,Development
95736,Nahum,Glinert,Development
95820,Hyuckchul,Perri,Development
95822,Divine,Teitelbaum,Development
95853,Manton,Flasterstein,Development
95883,Eirik,Koshiba,Sales
95890,Leni,Baba,Development
95891,Jinya,Mondadori,Development
95902,Adin,Mikschl,Sales
95943,Guozhong,Luit,Sales
95992,Hirochika,Jenevein,Development
62137,Rosalyn,Baalen,Sales
95999,Owen,Murillo,Sales
96016,Giao,Falco,Development
62174,Teunis,Denna,Sales
96059,Valter,Mandell,Development
96084,Hauke,Piazza,Sales
62243,Juichirou,Fargier,Development
96099,Roded,Ritzmann,Development
96107,Luise,Geffroy,Development
96108,Hatsukazu,Krychniak,Development
96109,Jasminko,Chappelet,Sales
96122,Muzhong,Onuegbe,Sales
96129,Aloys,Alvarado,Development
96132,Sachem,Wroclawski,Development
96138,Lidong,Ghalwash,Development
96161,Hugh,Riesenhuber,Development
96162,Tokuyasu,Dehkordi,Development
96169,Roselyn,Bharadwaj,Development
96311,Candido,Riesenhuber,Development
96196,Berthier,Zambonelli,Development
96324,Alejandro,Bharadwaj,Development
96197,Yechiam,Himler,Development
96346,Gian,Pettis,Development
96201,Suvo,Guting,Development
96521,Gro,Imataki,Sales
96556,Guttorm,Penn,Sales
96432,Taisook,Raoux,Development
96560,Parto,Kushner,Development
96562,Abdulah,Ghemri,Sales
96609,Bowen,Kemmerer,Development
96617,Shirish,Peak,Sales
96630,Danai,Porenta,Sales
96648,Josyula,Perez,Sales
96844,Tommaso,Maliniak,Development
96673,Hironobu,Oxman,Development
96689,Emdad,Roohalamini,Development
96704,Baziley,Koshino,Development
96853,Maha,Rissanen,Development
96865,Josyula,Ulupinar,Development
96753,Claude,Giveon,Sales
96766,Van,Trachtenberg,Development
96769,Arun,Parascandalo,Sales
96897,Xiaobin,Willoner,Development
96770,Shirish,Solovay,Sales
96900,Dekang,Solovay,Development
96902,Khalil,Ozeki,Sales
96907,Masamitsu,Hiraishi,Sales
96911,Hirochika,Jeansoulin,Sales
96921,Along,Waymire,Development
97077,Subbu,Fontan,Development
96958,Shaowen,Shihab,Sales
96977,Mabo,Pavlopoulou,Development
96989,Youpyo,Shobatake,Sales
97225,Adam,Erez,Development
97240,Yongmin,Krogh,Sales
97262,Miomir,Esteva,Development
97264,Ennio,Roisin,Development
97287,Chanjung,Rajala,Development
97315,Hironoby,Hoogerwoord,Development
97099,Chinya,Kaiserswerth,Development
97340,Vishu,Hiyoshi,Sales
97123,Basim,Suppi,Development
97126,Nitsan,Heyers,Development
97135,Mechthild,Underwood,Sales
97136,Bartek,Clouatre,Development
97194,Dannz,Ozery,Development
97428,Rildo,Sankaranarayanan,Development
97466,Valdiodio,Marwedel,Sales
97468,Ramalingam,Barvinok,Sales
97208,Leif,Gelosh,Development
97523,Bikash,Suppi,Sales
97492,Dante,Schnabel,Sales
97648,Suvo,Kornyak,Sales
97525,Shih,Krider,Development
97571,Guoxiang,Itzigehl,Development
97677,Taegyun,Poulakidas,Sales
97694,Girolamo,Cummings,Development
97695,Sreekrishna,Fendler,Sales
97575,Nahum,Maksimenko,Development
97577,Masato,Perna,Sales
97628,Xiaobin,Luck,Development
97723,Gou,Mapelli,Sales
97724,Jagoda,Pezzoli,Development
97726,Guther,Veevers,Sales
97770,Horward,Keustermans,Sales
97796,Jacopo,Schoegge,Development
97775,Maren,Mahmud,Development
97781,Divine,Neimat,Sales
97843,Barna,Lenart,Development
97938,Aiichiro,Plavsic,Sales
97948,Henk,Geffroy,Development
97848,Takanari,Unni,Sales
97870,Leah,Socorro,Sales
97985,Dekang,Botman,Development
97885,Seshu,Edelhoff,Sales
98017,Sachio,Gils,Sales
98018,Yongdong,Pileggi,Sales
97886,Mario,Chartres,Development
97913,Saeko,Staylopatis,Development
98038,Mack,Peron,Development
97918,Adel,Pollacia,Sales
98052,JoAnne,Binding,Development
98054,Berry,Conry,Development
98098,Feipei,Eterovic,Development
98060,Tzvetan,Speckmann,Sales
98063,Danco,Rusterholz,Development
98072,Luerbio,Merro,Development
98125,Subir,VanScheik,Development
98241,Felicidad,Kroha,Development
98247,Shakhar,Skafidas,Development
98253,Pragnesh,Homond,Development
98128,Kazuhisa,Ambroszkiewicz,Sales
98169,Bedrich,Luft,Sales
98269,Vasilii,Ghazalie,Development
98270,Kinh,Kawashimo,Sales
98285,Georg,Piancastelli,Development
98171,Jaroslava,Busillo,Development
98305,Yongmao,Stranks,Development
98307,Douadi,Leijenhorst,Sales
98317,Domenico,Vieri,Development
98183,Masami,Besselaar,Sales
98323,Amalendu,Ponthieu,Development
98192,Sumali,Murtagh,Development
98338,Guenter,Taneja,Development
98199,Sadun,Felcyn,Sales
98212,Sham,Slutz,Development
98518,Gad,Rahimi,Development
98358,Basim,Aingworth,Development
98377,Steve,Flanders,Sales
98536,Francesca,Figueira,Development
98394,Berthier,Anick,Development
98558,Valery,Llado,Development
98586,Kauko,Steenbeek,Development
98430,Fay,Langford,Development
98458,Oguz,Pollock,Development
98619,Sham,Debuse,Development
98478,Baruch,Heystek,Development
98485,Chiradeep,Homond,Sales
98497,Jianhao,Cannata,Development
98628,Radhika,Bahl,Development
98807,Aloys,Hanratty,Sales
98663,Serenella,Segond,Sales
98680,Serge,Tchuente,Development
98813,Surveyors,Peck,Development
98697,JiYoung,Harbusch,Sales
98838,Kazuhito,Deville,Development
98713,Stabislas,Luit,Sales
98725,Gill,Kaminger,Development
98854,Kotesh,Garrabrants,Development
98905,Nikolaos,Negoita,Development
98753,Franziska,Murillo,Sales
98766,Gretta,Buchter,Development
98768,Valery,Iacovou,Development
99097,Toshiki,Munawer,Development
98973,Aemilian,Quittner,Development
98977,Richara,Alameldin,Development
98987,Dipayan,Suermann,Development
98992,Gonzalo,Heping,Development
99153,Maik,Montresor,Development
98996,Parke,Kalloufi,Sales
99013,Tsz,Cools,Development
99014,Adly,Siprelle,Sales
99023,Gill,Kusakabe,Sales
99208,Mokhtar,Bernick,Development
99050,Stevo,Krichel,Sales
99371,Tokuyasu,Vuskovic,Development
99210,Irene,Morrin,Development
99226,Mario,Pehl,Development
99231,Nahla,Wielonsky,Development
99269,Leaf,Gien,Development
99272,Yuriy,Birge,Sales
99376,Olivera,Blokdijk,Development
99290,Youssef,Basagni,Development
99297,Xinan,Erman,Development
99390,Cristinel,Potthoff,Development
99299,Sachem,Claffy,Development
99307,Moto,Thibadeau,Sales
99313,Masasuke,Caine,Development
99400,Hitomi,Decaestecker,Sales
99431,Prodip,Kusalik,Sales
99438,Vidar,Prochazka,Sales
99443,Zita,Woycyznski,Sales
99451,Guenter,Riexinger,Sales
99473,Jaihie,Servi,Development
99527,Feipei,Duclos,Development
99481,Arnd,Akaboshi,Sales
99643,Beshir,Babu,Sales
99567,Christfried,Oberman,Development
99571,Rajmohan,Slobodova,Development
99583,Holgard,Schmittgen,Development
99608,Baruch,Paludetto,Development
99622,Etsuo,Taneja,Development
99779,Rasiah,Taubenfeld,Development
99794,Kristin,Garnick,Development
99804,Abdelghani,Benner,Development
99860,Mitchel,Homond,Development
99883,Dulce,Linares,Development
99649,Danny,Berstel,Development
99895,Olivera,Feldmann,Development
99655,Elvis,Borovoy,Development
99671,Tsuneo,Leppanen,Sales
99681,Henk,Tramer,Sales
99703,Manton,Berstel,Development
99716,Luerbio,Casperson,Sales
99966,Masali,Ferretti,Sales
99719,Sreekrishna,Ramamoorthy,Sales
99972,Jaana,Schaaf,Sales
99729,Dmitri,Porenta,Sales
99769,Xinyu,Winter,Sales
99989,Divine,Docker,Development
100013,Gunilla,Bernardinello,Development
100024,Godehard,Pelz,Sales
99771,Gudjon,Lund,Development
100101,Shakhar,Egerstedt,Development
100042,Raimond,Turnbull,Sales
100046,Jayson,Jumpertz,Development
100206,Arumugam,Wrigley,Development
100137,Seongbae,Bail,Development
100138,Changho,Prenel,Development
100142,Terresa,Isard,Sales
100146,Nalini,Woycyznski,Development
100257,Mahmut,Poulakidas,Development
100259,Jiang,Laurillard,Development
100158,Ayakannu,Falby,Development
100264,Jaroslava,Hegner,Development
100159,Sakthirel,Boudaillier,Development
100274,Fei,Miyakawa,Sales
100279,Mingdong,Gustavson,Sales
100169,Ingmar,Angot,Development
100303,Huei,Pargaonkar,Development
100175,Willard,Maginnis,Development
100317,Xiaopeng,Lorys,Sales
100180,Ohad,Lichtner,Development
100333,Kyoichi,Radivojevic,Development
100492,Vincent,Tibblin,Sales
100349,Gianluca,Jarecki,Development
100497,Tze,Fortenbacher,Development
100358,Lucian,Falby,Development
100531,Toshiko,Kranzdorf,Development
100382,Mariangiola,Wynblatt,Development
100384,Richara,Yurek,Development
100534,Aamer,Luga,Sales
100406,Yoshinari,Coors,Sales
100555,Lucien,Gecsel,Sales
100428,Fayez,Einsfeld,Development
100429,Jayesh,Brender,Development
100436,Subhankar,Gini,Sales
100574,Lucien,Bennet,Sales
100444,Arno,Itzigehl,Sales
100583,Goetz,Schnelling,Development
100838,Kristin,Serre,Development
100486,Radhakrishnan,Maksimenko,Sales
100653,Georgi,Maraist,Development
100673,Giri,Jiang,Sales
100686,True,Beausoleil,Sales
100721,Poornachandra,Bade,Development
100725,Zvonko,Maliniak,Sales
100842,Dante,Brobst,Development
100746,Heather,Rehfuss,Sales
100853,Aris,Coombs,Development
100753,Zsolt,Baca,Development
100854,Serge,Kaiserswerth,Development
100889,Mariusz,Spelt,Development
101067,Kerhong,Schmittgen,Development
100914,Erzsebet,Shackell,Development
100920,Henk,Byoun,Development
100933,Uli,Taneja,Sales
100934,Goncalo,Czaja,Development
100960,Saniya,Candan,Development
100965,Lucian,Bultermann,Sales
101073,Yongdong,Iwayama,Development
101096,Make,Zaccaria,Development
100998,Breannda,Portugali,Sales
101098,Maya,Norsworthy,Sales
101003,Pranas,Kusakabe,Development
101005,Niranjan,Erni,Development
101123,Henk,Wossner,Sales
101018,Shigeu,Serra,Development
101034,Elgin,Tyugu,Development
101142,Sedat,Gini,Development
101153,Manohar,Gill,Sales
101172,Nevio,Schoegge,Sales
101180,Subhada,Przulj,Sales
101218,Basil,Huhdanpaa,Development
101221,Phule,Saoudi,Development
101405,Takahito,Fasbender,Development
101239,Toshimori,Khalil,Sales
101240,Oldrich,Perin,Sales
101291,Kellie,Mapelli,Development
101321,Arvind,Beetstra,Development
101414,Xiaoheng,DasSarma,Sales
101331,Tsz,Hagimont,Development
101428,Tiina,Muhling,Development
101445,Remzi,Dehkordi,Sales
101470,Toshiki,Champarnaud,Development
101505,Dietrich,Gornas,Sales
101638,Gaurav,Conta,Development
101519,Marek,Macedo,Development
101523,Vishv,Quadeer,Development
101530,Sushant,Debuse,Development
101537,Luigi,Cyre,Development
101558,Wojceich,Tischendorf,Development
101559,Rasiah,Kisuki,Development
101656,Yaghout,Kornyak,Sales
101587,Hironobu,Puppo,Sales
101681,Goh,Fasbender,Development
101608,Girolamo,Mundy,Sales
101688,Bilhanan,Worfolk,Development
101690,Dante,Lally,Sales
101719,Nadjib,Wolniewicz,Development
101778,Aamer,Peha,Development
101721,Hidefumi,Cooke,Development
101915,Mayuri,Chenoweth,Development
101800,Arlette,Iwayama,Development
101808,Atreye,Hedayat,Development
101813,Shai,Turnbull,Development
101833,Cordelia,Couchot,Sales
101848,Jouko,Kolinko,Sales
101869,Zhanqiu,Siprelle,Sales
101928,Avishai,Baezner,Development
101878,Tetsushi,Stroustrup,Sales
101888,Eran,Ritcey,Development
102061,Niclas,Nittel,Development
102079,Gay,Thiria,Development
102144,Bernice,Karlin,Development
102191,Nikolaos,Menyhert,Development
101932,Christophe,Hashii,Development
101949,Foong,Pettis,Development
102011,Genevieve,Lund,Development
102217,Christ,Luks,Development
102240,Shmuel,Rodite,Development
102257,Stella,Tsukune,Development
102027,Gladys,Isaak,Development
102292,Fumiyo,Peltason,Development
102372,Maik,Jahnichen,Development
102298,Tianruo,Selenyi,Development
102320,Bangqing,Sichman,Development
102479,Serap,Facello,Sales
102385,Mountaz,Sidou,Development
102405,Kagan,Danlos,Sales
102496,Ayonca,Hiraishi,Development
102514,Arne,Huttel,Development
102433,Arch,Peek,Sales
102520,Tetsurou,Remmers,Development
102440,Yucai,Farrow,Sales
102632,Caolyn,Radwan,Development
102654,Gregory,Makinen,Development
102673,Stamatina,Vigier,Sales
102793,Joydip,Benzaken,Development
102682,Oscar,Reutenauer,Sales
102801,Chanjung,Chachaty,Development
102692,Saniya,Lindenbaum,Sales
102810,Jiafu,Birsak,Sales
102700,Juichirou,Hedayat,Development
102710,Divier,Szmurlo,Development
102728,Make,Jiang,Sales
102851,Xudong,Bruckman,Development
102741,Palash,Naumovich,Sales
102870,Marsal,Alpay,Sales
102754,Mohua,Huhdanpaa,Development
102757,Arno,Pardalos,Development
102942,Gretta,Vilarrasa,Sales
102962,Chirstian,Kobara,Sales
103092,Mabry,Falby,Development
102996,Patricio,Riesenhuber,Development
103128,Alenka,Crabtree,Development
103005,Rafael,Keustermans,Development
103156,Yahiko,Schiper,Sales
103164,Valeska,Chiola,Sales
103042,Berthier,Masand,Sales
103178,Tetsurou,Argence,Development
103332,Zhanqiu,Guerreiro,Development
103198,Alois,Yeung,Development
103223,Jongsuk,Papadias,Development
103344,Sanjeeva,Whittlesey,Development
103349,Chiranjit,Saoudi,Development
103245,Sajjad,Cusworth,Development
103350,George,Kranzdorf,Development
103252,Domenick,Baca,Development
103351,Stein,Junot,Development
103358,Takushi,Legleitner,Sales
103375,Khue,Fioravanti,Sales
103398,Nikolaos,Schreiter,Sales
103435,Sverrir,Ghazalie,Development
103467,Kwangyoen,Glinert,Sales
103484,Niclas,Velardi,Development
103621,Yuqun,Vidya,Sales
103523,Visit,Servieres,Development
103641,Aamer,Loncour,Development
103566,Fumino,Pouyioutas,Development
103567,Eberhardt,Perl,Development
103568,Peternela,Camarinopoulos,Development
103644,Harjit,Erdi,Development
103575,Ugo,Verhaegen,Sales
103659,Remco,Feldmann,Development
103585,Juichirou,Dusink,Sales
103586,Kwee,Veevers,Development
103591,Moni,Vakili,Sales
103595,Zhensheng,Hutton,Sales
103663,Bezalel,Edelhoff,Development
103665,Tomoyuki,Monarch,Development
103668,Remmert,Mitchem,Development
103682,Samphel,Shrader,Development
103731,Leandro,Cyre,Development
103776,Franziska,Ashish,Sales
103782,Sigeru,Baez,Sales
103897,Vivian,Munos,Development
103835,Masasuke,Cyre,Development
103855,Christophe,Peres,Development
103898,Saeed,Rosin,Sales
103913,Shahid,Yurov,Development
103918,Seshu,Jenevein,Development
103926,Jiafu,Camarinopoulos,Sales
103987,Aimee,Uhrik,Development
104054,Uinam,Rothe,Development
104060,Moriyoshi,Baca,Development
104073,Vitali,Peral,Sales
104005,Ibibia,Molenkamp,Development
104091,Shrikanth,Mawatari,Sales
104011,Masanao,Journel,Sales
104021,Yonghoan,Mondadori,Development
104122,Georg,Schreiter,Development
104130,Kazuhira,Rodiger,Development
104135,Yaghout,Servi,Sales
104029,Alper,Pagter,Sales
104145,Mang,Selvestrel,Development
104035,Sivanarayana,Chandrasekhar,Sales
104203,Shigenori,Gyorkos,Sales
104160,Kotesh,Kamber,Development
104212,Bedrich,Driscoll,Sales
104223,Mantis,Waymire,Sales
104328,Luerbio,Setlzner,Development
104233,Cordelia,Kolvik,Development
104266,Kiyokazu,Antonakopoulos,Development
104352,Xiaoheng,Samarati,Sales
104363,Mansur,Xiaoshan,Sales
104294,Siddarth,Flowers,Development
104402,Gonzalo,Molenaar,Sales
104404,Yoshinari,Usery,Sales
104312,Suzette,Hettesheimer,Sales
104504,Waiman,Kilgore,Development
104610,Fusako,Peak,Sales
104520,Vishv,Neimat,Sales
104625,Odoardo,Vendrig,Development
104536,Shooichi,Ernst,Sales
104644,Yuguang,Lieblein,Development
104549,Chaoyi,Sabnani,Development
104658,Mrinalini,Ratnakar,Development
104593,Arno,Maksimenko,Development
104682,Toshimori,Speek,Sales
104710,Munenori,Trogemann,Sales
104718,Lorien,Brandsma,Development
104760,Gian,Gulla,Development
104745,Hongzhu,Lichtner,Development
104772,Yannik,VanScheik,Sales
104931,Kristin,Delaune,Sales
104939,Armond,Masamoto,Development
104941,Yonghong,Schaap,Development
104945,Gro,Polupanov,Development
105002,Jingling,Millington,Sales
105033,Takahira,Quadeer,Development
105040,Vojin,Erbe,Development
105060,Manu,Rosin,Sales
104779,Sergi,Hartvigsen,Development
104866,Anestis,Gelosh,Sales
105095,Steen,Leppanen,Development
105103,Elvis,Zambonelli,Development
105143,Tse,Dulli,Development
104870,Nectarios,Peltason,Sales
105326,Almudena,Comte,Development
105202,Susumu,Jording,Development
105204,Ennio,Schaad,Sales
105208,Moon,Grospietsch,Development
105328,Alain,Hoppenstand,Development
105223,Jiakeng,Manders,Development
105226,Murthy,Menyhert,Sales
105357,Martien,Billawala,Development
105234,Frederique,Navazio,Development
105241,Arra,Ulupinar,Development
105388,Sarita,Lorch,Development
105259,Mohamadou,Wiegley,Development
105261,Domenick,Rullman,Development
105264,Chrisa,Simkin,Sales
105396,Sajjan,Strehl,Sales
105296,Conor,Peha,Sales
105401,Babette,Anguita,Development
105408,Adit,Gihr,Development
105410,Foong,Morton,Development
105417,Rajmohan,Matzel,Development
105441,Abdelghani,Haldar,Sales
105603,Masoud,Sommer,Sales
105485,Magy,Danner,Development
105489,Jasminko,Sadowski,Sales
105521,Toshiko,Hofman,Sales
105532,Christophe,Sluis,Development
105633,Dmitry,Androutsos,Development
105543,True,Fabrizio,Development
105544,Feiyu,Mitsuhashi,Development
105546,Dhritiman,Coombs,Development
105560,Dmitri,Zeleznik,Development
105564,Jaihie,Parhami,Development
105634,Szabolcs,Mullainathan,Sales
105572,Vivian,Haldar,Sales
105637,Remko,Tagansky,Development
105662,Jinpo,Hoogerwoord,Sales
105581,Rasikan,Hanabata,Development
105587,Kwun,Demri,Development
105595,Gino,Hmelo,Sales
105665,Tonia,Falco,Sales
105670,Arumugam,Rijsenbrij,Development
105681,Pranav,Mikschl,Development
105722,Maik,Riefers,Sales
105766,Boutros,Callaway,Sales
105776,Lokesh,Chinen,Development
105789,Qingxiang,Fordan,Sales
105886,Stafford,Mitchem,Sales
105800,Golgen,Baig,Sales
105817,Mihalis,Junot,Development
105839,Ziyad,Rosca,Development
105910,Guozhong,Zaccaria,Development
105852,Filipe,Beetstra,Sales
105860,Heeju,Juneja,Development
105915,Marsal,Pearson,Development
105921,Willard,Gubsky,Sales
105934,Gor,Langford,Sales
106003,Przemyslawa,Kemmerer,Development
106042,Jiann,Calkin,Development
106048,Urs,Schlumberger,Development
106049,Tran,Zhang,Sales
106011,Youpyo,Takanami,Sales
106186,Gonzalo,Sewelson,Sales
106083,Jacopo,Panangaden,Development
106107,Hidde,Undy,Development
106132,Yinlin,Schapiro,Development
106187,Kazuyasu,Rassart,Sales
106133,Guadalupe,Heijenga,Sales
106192,Alejandra,Calkin,Development
106206,Behnaam,Schlenzig,Development
106212,Kristof,Pluym,Development
106161,Rafael,Baba,Development
106214,Valdiodio,Demir,Development
106222,Shim,Uludag,Development
106240,Shen,Ramras,Development
106254,Gian,Lowrie,Sales
106255,Luigi,Furedi,Sales
106293,Froduald,Schicker,Sales
106346,Perry,Cronan,Development
106355,Lena,Schmiedel,Development
106457,Toshimitsu,Frezza,Development
106383,Yechezkel,Denny,Sales
106462,Chanjung,Decaestecker,Development
106435,Collette,Christ,Sales
106482,Alselm,Selenyi,Sales
106447,Tadanori,Herber,Sales
106504,Tremaine,Panangaden,Development
106547,Quingbo,dAstous,Development
106606,Yuuichi,Wynblatt,Development
106611,Shir,Vecchi,Development
106630,Vojin,Maliniak,Sales
106633,Jinxi,Kugler,Development
106634,Ingmar,Rettelbach,Development
106552,Abdulla,Schaap,Development
106648,Khue,Masamoto,Development
106558,Otilia,Brobst,Development
106560,Tsuneo,Baar,Development
106589,Krister,Weedman,Development
106678,Vishwani,Oppitz,Sales
106679,Mahmut,Tasistro,Development
106797,Aran,Raoux,Development
106737,Shigeu,Rosay,Development
106798,Phillip,Dratva,Development
106836,Yurii,Ghemri,Sales
106897,Susanna,Chaudhury,Sales
106928,Hongzhu,Merks,Development
106838,Hatem,Luke,Sales
106935,Kazuhiko,Farrow,Sales
106877,Temple,Hemaspaandra,Sales
106946,Oksana,Luiz,Sales
106981,Maren,Vilarrasa,Development
106985,Adhemar,Pfau,Development
107053,Chinho,Macedo,Sales
107018,Temple,Braunmuhl,Development
107019,Noritoshi,Majewski,Sales
107090,Stein,Ferretti,Development
107110,Wonhee,Lodder,Development
107113,Sushant,VanScheik,Sales
107131,Lijie,Streng,Development
107320,Giordano,Chepyzhov,Development
107246,Eran,Naudin,Development
107254,Dmitry,Simmen,Development
107258,Parviz,Zaumen,Sales
107262,Feiyu,Butterworth,Development
107264,Josyula,Chinin,Development
107290,Reinhard,Jakobus,Development
107293,Haldon,Ballarin,Sales
107307,Eberhardt,Boyle,Sales
107466,Goo,Champarnaud,Development
107474,Taiji,Goodrum,Sales
107488,Moto,Swiler,Development
107500,Karoline,Masada,Sales
107504,Shao,Hoppenstand,Development
107508,Rajmohan,Mapelli,Sales
107517,Haldon,Nannarelli,Sales
107540,Jaques,Soloway,Sales
107554,Zvonko,Conry,Sales
107623,Yagil,Kilgour,Development
107625,Quingbo,Schwabacher,Development
107330,Navid,Bednarek,Sales
107682,Georgi,Leonhardt,Development
107684,Uma,Chandrasekhar,Sales
107693,Kenton,Bharadwaj,Sales
107695,Babette,Cmelik,Development
107341,Felicidad,Garnick,Development
107359,Xiong,Lamma,Sales
107712,Sumant,Birjandi,Sales
107380,Matt,Demos,Sales
107732,Nigel,Encarnacion,Development
107383,Heon,Pargas,Sales
107391,Jaideep,Steinauer,Development
107392,Chinho,Panangaden,Development
107406,Chanjung,Bernick,Sales
107747,Cathie,Erman,Sales
107425,Khaled,Bojadziev,Development
107764,Moie,Mersereau,Development
107892,Aral,Ambroszkiewicz,Development
107780,Masasuke,Gewali,Development
107797,Wayne,Strandh,Development
107800,Goncalo,Stenning,Development
107807,Narain,Granlund,Sales
107822,Hatem,Kroll,Sales
107823,Nimmagadda,Bail,Development
107825,Shounak,Hemaspaandra,Development
107840,Krister,Hettesheimer,Development
107901,Munir,Honiden,Sales
107924,Achilleas,Georgakopoulos,Sales
107996,Licheng,Nitta,Sales
108018,Subhankar,Halevi,Development
108028,Przemyslawa,Hagimont,Development
108050,Hairong,Sommer,Development
108053,Abdelghani,Nilsson,Sales
108064,Shimshon,Otillio,Development
107997,Masoud,Perfilyeva,Sales
108070,Khoa,Bennis,Sales
108176,Aksel,Piazza,Development
108092,Uzi,Edelhoff,Development
108096,Arun,Bazzichi,Development
108119,Qingxiang,Melton,Development
108122,Moti,Terkki,Sales
108126,Izaskun,Shackell,Development
108179,Constantijn,Crelier,Development
108137,Panayotis,Ermel,Development
108138,Berto,Middleton,Sales
108184,Kien,Merks,Development
108148,Szabolcs,Tyugu,Development
108150,Shrikanth,Peternell,Development
108212,Masali,Versino,Sales
108153,Lene,Puppo,Sales
108217,Mohan,Munoz,Sales
108218,Akeel,Piveteau,Development
108307,Diederik,Suermann,Sales
108244,Torsten,Savasere,Development
108262,Yannis,Alpay,Development
108453,Ipke,Chappelet,Development
108363,Aloke,Luef,Sales
108367,Rimon,Rouquie,Sales
108375,Greger,Ananiadou,Sales
108410,Sanjai,Smailagic,Development
108461,Aral,Sury,Sales
108420,Baruch,Pietrzykowski,Sales
108505,Arvin,Iwayama,Development
108440,Xiaoqiang,Conta,Sales
108536,Fumino,Baba,Sales
108588,Shahaf,Coney,Development
108597,Kazuhira,Einsfeld,Development
108612,Ung,Joslin,Development
108616,Fan,Feldmann,Development
108541,Jordanka,Mapelli,Sales
108561,Kasturi,Luft,Development
108641,Atreye,Schueller,Development
108729,Jiang,Vesel,Sales
108669,Jeanne,Garnham,Development
108761,Nahid,Mandell,Development
108717,Heng,Kitsuregawa,Development
108763,Sadegh,Cooke,Sales
108794,Basil,Bamford,Development
108884,Basant,Deverell,Sales
108822,Sachem,Senzako,Development
108823,Teiji,Litzkow,Development
108825,Kaijung,Danecki,Development
108947,Ottavia,Doering,Development
108842,Giordano,Heijenga,Sales
108954,Kellie,Vieri,Development
108850,Soenke,Honiden,Sales
109052,Xianlong,McFarlin,Development
108985,Masanao,Bressoud,Development
108997,Arch,Liesche,Development
109155,Serenella,Gill,Development
109181,Rildo,Lally,Sales
109083,Moto,Merel,Sales
109189,Billie,Codenie,Sales
109193,Garnet,Scharstein,Development
109204,Paris,Ratnakar,Development
109090,Mircea,Bale,Development
109117,Arnould,Garnier,Sales
109125,Adly,Piveteau,Sales
109267,Ziyad,Bardell,Development
109147,Tetsushi,Dengi,Development
109284,Mingdong,Junot,Development
109291,Cullen,Theuretzbacher,Development
109294,Udi,Savasere,Development
109496,Mariusz,Esposito,Sales
109318,Gift,Brlek,Sales
109334,Tsutomu,Alameldin,Sales
109560,Ymte,Hoogerwoord,Sales
109356,Carrsten,Puppo,Development
109379,Ramya,Rindone,Sales
109380,Kagan,Luan,Sales
109575,Jinxi,Kusalik,Development
109436,Sanjit,Kamble,Development
109734,Maya,Plessier,Development
109740,Jacqueline,Bahl,Sales
109747,Tadahiko,Rullman,Sales
109748,Dayanand,Suessmith,Development
109790,Torsten,Ravishankar,Development
109643,Faiza,Ratzlaff,Sales
109696,Poornachandra,Erdmenger,Development
109699,Pintsang,Duclos,Development
109793,Zhanqiu,Oppitz,Development
109799,Bouchung,Stanger,Development
109824,Aleksander,Luit,Sales
109878,Goetz,Goldhammer,Development
109902,Kersti,Terlouw,Sales
109827,Eckart,Strooper,Development
111133,Hauke,Zhang,Sales
109938,Kinh,Isard,Development
109949,Gian,Chinal,Development
109951,Nahla,Pell,Development
109966,Khatoun,Valette,Sales
200008,Zeydy,Hutter,Development
200030,LiMin,Schonegge,Development
109996,Dines,Gelosh,Sales
109997,Miquel,Borovoy,Development
200050,Kensyu,Thorelli,Development
200070,Yurii,Sury,Development
200148,Sajjan,Schapire,Development
200079,Candida,Riefers,Sales
200108,Abdelwaheb,Chvatal,Development
200166,Huan,Feldmann,Sales
200171,Hilari,Gyorkos,Sales
200116,Eben,Nivat,Sales
200289,Thodoros,Schurmann,Sales
200247,Chaoyi,Beznosov,Sales
200251,King,Vasanthakumar,Development
200332,Feipei,Goldhammer,Development
200333,Honesty,Kruskal,Development
200334,Basem,Bojadziev,Development
200433,Gilbert,Bolotov,Sales
200434,Mabry,Boguraev,Development
200348,Abdulla,Back,Development
200370,Rafail,Trumbly,Development
200455,Aksel,Businaro,Sales
200382,Mansur,Pauthner,Sales
200564,Elrique,Kenevan,Sales
200511,Duke,Gilg,Sales
200526,Divine,Czaja,Development
200575,Izaskun,Kuzuoka,Sales
200612,Dannz,Veevers,Sales
200695,Geraldo,Zongker,Development
200702,Mary,Eldridge,Development
200714,JoAnne,Sudbeck,Sales
200715,Gretta,Schwabacher,Sales
200722,Nahla,Delgrande,Sales
200618,Berna,Panienski,Sales
200658,Nathan,Gire,Sales
200743,Annemarie,Roohalamini,Sales
200750,Jeane,Kusakabe,Sales
200768,Minghong,Schmittgen,Sales
200880,Francesca,Matheson,Sales
200798,Godehard,Kossowski,Development
200809,Arvin,Basawa,Sales
200985,Shichao,Gecseg,Sales
200951,Shalesh,Brender,Sales
200956,Alassane,Kadhim,Sales
200958,Khatoun,Rabehasaina,Sales
201126,Jaewoo,Kitsuregawa,Development
201092,Alejandro,Hedayat,Development
201135,Shaw,Jahnichen,Sales
201141,Jiafu,Zielinski,Sales
201150,Chaosheng,Miculan,Development
201266,Uma,Rissanen,Sales
201178,Kristof,Conta,Sales
201278,Aloys,Cherinka,Development
201305,Byong,Khalid,Development
201306,Mani,Landherr,Sales
201191,Kitty,Basagni,Sales
201195,Torsten,Trogemann,Sales
201324,Zvonko,Stanfel,Development
201333,Mircea,Perl,Development
201205,Shaunak,Haddadi,Development
201342,Ramachenga,Maierhofer,Development
201346,Bouchung,Orlowska,Development
201228,Shem,Jayawardene,Sales
201358,Toshimitsu,Erdmenger,Sales
201362,Pradeep,Luck,Sales
201374,Luigi,Fendler,Development
201379,Jagoda,Karnin,Development
201246,Yucel,Marchesini,Development
201256,Takanari,Undy,Development
201547,Sampalli,Juneja,Sales
201603,Vincent,Lores,Development
201410,Renny,Gils,Development
201426,Garnet,Sudkamp,Sales
201429,Kristine,Gecsel,Development
201444,Hongzhu,Businaro,Development
201645,Gino,Olano,Sales
201462,Jolita,Erva,Sales
201651,Isaac,Yetim,Development
201848,Elvis,Ebeling,Sales
201544,Krister,Zaiane,Sales
201701,Yishai,Tasistro,Development
201878,Mani,Binding,Sales
201729,Fuqing,Nilsson,Development
201896,Fusako,Kohling,Development
201777,Wonhee,Perl,Sales
201931,Chirstian,Anily,Development
201796,Zengping,Poehlman,Development
201944,Shooichi,Guting,Development
201956,Kazuhito,Biron,Development
201959,Kazuhito,Yurek,Development
201964,Val,Kropp,Development
201974,Yuchang,Georgakopoulos,Development
202142,LiMin,Varley,Development
202000,Erzsebet,Passino,Development
202006,Gritta,Peac,Development
202013,Tremaine,Luders,Sales
202014,Mara,Bernatsky,Sales
202023,Mabhin,Radivojevic,Development
202149,Pragnesh,Bridgland,Sales
202042,Margareta,Strehl,Sales
202179,Emran,Munch,Development
202063,Xiaoqiu,Flanders,Sales
202190,Aemilian,Braccini,Development
202223,Marit,Waschkowski,Sales
202232,Mack,Lalonde,Development
202246,Froduald,Danecki,Development
202271,Josyula,Benner,Sales
202276,Arif,Morrin,Development
202417,Mohan,DuBourdieux,Development
202310,Krister,Perko,Sales
202315,Kirk,Mersereau,Sales
202418,Xumin,Vuskovic,Sales
202337,Horward,Passino,Development
202435,Bokyung,Schonegge,Development
202339,Zine,Schaaf,Sales
202446,Abdelghani,Rouquie,Development
202357,Make,Hedayat,Development
202360,Indrajit,Jeong,Sales
202364,Alassane,Riefers,Development
202473,Sigeru,Perry,Sales
202372,Bernardo,Msuda,Sales
202386,Nadjib,Marshall,Sales
202393,Kazuhira,Butterworth,Development
202549,Deborah,Thombley,Development
202553,Limsoon,Krichel,Sales
202567,Visit,Capobianchi,Development
202507,Ziva,Marquardt,Development
202610,Berhard,Bage,Development
202625,Shuichi,Carrera,Development
202627,Katsuyuki,Reeker,Development
202516,Vishwani,Zykh,Development
202539,Fuqing,Brookman,Development
202665,Mrinalini,Krider,Development
202701,Elgin,Molenkamp,Development
202717,Moriyoshi,Wielonsky,Development
202727,Fumiyo,Constantine,Development
202809,Mariangiola,Anido,Development
202893,Hairong,Cappelli,Development
202905,Sham,Birdsall,Development
202906,Sanjay,Reinhard,Development
202915,Chiranjit,Spelt,Development
202971,Fun,Dayana,Sales
202937,Heejo,Schlegelmilch,Sales
202941,Phuoc,Sinitsyn,Sales
202948,Haldon,Bruckman,Sales
202949,Jeanna,Bahr,Development
202982,Takahito,Ritcey,Sales
202996,Tze,Hutter,Sales
203021,Munenori,Chinin,Development
203033,Hugh,Hartvigsen,Development
203154,Ger,Baik,Development
203053,Shrikanth,Luke,Sales
203188,Fox,Busillo,Development
203065,Weiwu,Matteis,Development
203198,Fumiyo,Hertweck,Development
203069,Hidekazu,DiGiano,Sales
203084,Cathie,Chelton,Development
203214,Paraskevi,Kilgour,Sales
203216,Seongbin,Hofman,Sales
203227,Nigel,Dalphin,Development
203088,Hairong,Braunschweig,Sales
203101,Khaled,Waeselynck,Development
203238,Fei,Zallocco,Sales
203244,Hitofumi,Sudbeck,Development
203405,Alper,Giaccio,Sales
203434,Yannik,Boreale,Sales
203258,Shaw,Garigliano,Development
203268,Uno,Poujol,Sales
203481,Chiradeep,Kriebel,Development
203305,Naftali,Huttel,Sales
203308,Pantung,Stentiford,Development
203309,Constantine,Tsukuda,Sales
203318,Xudong,Cooley,Development
203319,Caolyn,Ramsay,Sales
203522,Make,Biros,Sales
203342,Uta,Wissmann,Sales
203364,Spyrose,Herber,Sales
203541,Youjian,Brookman,Development
203376,Rajmohan,Curless,Development
203377,Giordano,Lanteri,Development
203385,Subhrajyoti,Maginnis,Sales
203390,Lech,Babu,Development
203566,Thanasis,Zultner,Development
203693,Sungwon,Pezzoli,Development
203577,Niteen,Glowinski,Sales
203578,Vojin,Codenie,Sales
203588,Youngkon,Hartvigsen,Development
203593,Leszek,Kirkerud,Sales
203595,Aria,Ariola,Sales
203600,Fai,Journel,Sales
203645,Tadahiro,Syang,Sales
203775,Shirish,Mitzlaff,Development
203792,Hatim,Mahmud,Sales
203798,Nobuyoshi,Suomi,Development
203656,Chinhyun,Brodal,Sales
203967,Teiji,Genther,Development
203839,Berthier,Hagimont,Development
204029,Shaowen,Litzkow,Sales
203883,Mart,Staylopatis,Development
203898,Odysseas,Mateescu,Development
204062,Kerhong,Fadgyas,Sales
203933,Bowen,Fortenbacher,Sales
204067,Brigham,Pews,Sales
204090,Brigham,Collette,Sales
203953,Lucian,Pokrovskii,Sales
204097,Ung,Staudhammer,Development
204104,Patricio,Usdin,Sales
204313,Hongzue,Khalil,Development
204110,Shaw,Kalsbeek,Sales
204114,Fayez,Poehlman,Development
204134,Xiaobin,Hofmeyr,Sales
204142,Xiping,Valette,Sales
204337,Brewster,Erol,Development
204378,Leaf,Stranks,Development
204219,Sakthirel,Halloran,Sales
204220,Xiaoshan,Bain,Sales
204237,Gay,Kumaresan,Sales
204534,Khalid,Melton,Development
204542,Lucian,Bael,Development
204560,Sariel,Badache,Development
204567,Kristin,Plavsic,Development
204571,Uli,Raczkowsky,Development
204579,Yechezkel,Litzkow,Development
204594,Elvis,Onuegbe,Development
204463,Chanjung,Reghbati,Development
204645,Duangkaew,Gilg,Development
204469,Ramya,Cmelik,Sales
204484,Baziley,Gruenwald,Development
204519,Utz,Haldar,Development
204661,Doohun,Atchley,Development
204837,Uzi,Menhoudj,Development
204679,Masaru,Marchegay,Sales
204693,Aran,Litzkow,Development
204703,Sreekrishna,Spataro,Sales
204842,Ramachenga,Zumaque,Development
204877,Guther,Gornas,Development
204881,Bodh,Zultner,Development
204890,Kristin,Reistad,Development
204902,Eric,Ruemmler,Development
204919,Nakhoon,Kavvadias,Sales
204920,Kellyn,Journel,Development
204943,Jiakeng,Hartvigsen,Development
204947,Yechiam,Wuwongse,Development
204977,Martina,Perl,Sales
204952,Utpal,Plessier,Development
205119,Chrisa,Kilgore,Development
205004,Masadi,Lueh,Development
205013,Sasan,Wilfing,Sales
205021,Mariangiola,Lally,Development
205026,Akeno,Kulisch,Development
205037,Ferdinand,Speek,Sales
205038,Mari,Chvatal,Development
205150,Denis,Murthy,Development
205057,Mostafa,Usdin,Development
205092,Masako,Spieker,Sales
205245,Angus,Raczkowsky,Development
205248,Aamer,Imataki,Development
205251,Fai,Mullainathan,Sales
205207,Ramalingam,Borstler,Sales
205325,Serenella,Harllee,Sales
205331,Nigel,Melski,Development
205332,Gita,Baar,Sales
205225,Duro,Ouhyoung,Development
205357,Radhia,Engelmann,Development
205361,Owen,Siepmann,Development
205370,Geoffry,Marchesini,Sales
205528,Shichao,Shiratori,Development
205381,Mana,Lung,Development
205529,Troy,Karner,Development
205559,Herbert,Portugali,Development
205619,Souichi,Provine,Development
205475,Ute,Schach,Development
205476,Hairong,Ruemmler,Development
205484,Atreye,Yoshimura,Development
205489,Surveyors,Laventhal,Development
205624,Jolita,Lally,Development
205629,Guiseppe,Genin,Sales
205638,Lubomir,Peir,Development
205653,Serif,Fiebach,Development
205849,Masali,Walston,Sales
205713,Gennady,Makinen,Development
205890,Georgi,Chenoweth,Sales
205738,Mong,Stroustrup,Development
205753,Keiichiro,Gonthier,Development
205761,Bowen,Melter,Development
205778,Yakichi,Itzfeldt,Development
205899,Radoslaw,Mundy,Sales
205782,Shen,Brandsma,Development
205918,Lihong,Ghandeharizadeh,Sales
205810,Lenore,Chiola,Development
205921,Bangqing,Chartres,Sales
205945,Ottavia,Larfeldt,Development
206122,Munenori,Bazelow,Development
205963,Yechiam,Curless,Development
205974,Mona,Gajiwala,Development
206000,Atreye,Schapire,Sales
206146,Becky,Merkl,Development
206018,Takahiro,Baca,Development
206035,Kinh,Eiron,Development
206168,Serap,Matzat,Sales
206053,Tsuneo,Alblas,Sales
206059,Jaana,Levergood,Development
206185,Yolla,Gonthier,Development
206067,Manton,Itzigehl,Development
206191,Chaitali,Asrin,Development
206193,Kerryn,Senzako,Sales
206199,Rafail,Hashii,Development
206227,Feixiong,Schmittgen,Development
206241,Kazuhira,Danecki,Sales
206411,Shigeichiro,Vidal,Development
206277,Candida,Toyoshima,Sales
206288,Sverrir,Vrecion,Development
206301,Huiqun,Yavatkar,Development
206418,Marco,Vickson,Development
206427,Nobuyoshi,Otillio,Sales
206346,Syozo,Hitomi,Development
206501,Kamakshi,Vrecion,Development
206354,Gennadi,Kawashima,Development
206520,Gor,Selenyi,Development
206526,Hauke,Chepyzhov,Sales
206539,Jaroslava,Eterovic,Development
206507,Bernt,Gonthier,Development
206668,Jaana,Rabejac,Sales
206559,Ronghao,Erde,Development
206576,Chenxi,Chepyzhov,Sales
206578,Deborah,Onuegbe,Sales
206686,Shin,Mondadori,Sales
206599,Kwangjo,Demir,Development
206697,Billie,Quaggetto,Sales
206718,Koldo,Ramaiah,Sales
206637,Jahangir,Schlenzig,Development
206639,Gad,Openshaw,Development
206732,Renny,Furedi,Development
206744,Kenton,Radivojevic,Sales
206746,Khoa,Honiden,Development
206763,Elvia,Schaad,Development
206804,Uinam,Pokrovskii,Development
206765,Alselm,Zobel,Development
206815,Insup,Frolund,Sales
206816,Dharmaraja,Falby,Development
206771,Ferdinand,Lores,Development
206952,Jeanna,Kadhim,Development
206847,Luise,Akazan,Sales
206872,Marc,Stafford,Sales
206886,Radoslaw,Xiaoshan,Development
207025,Barry,Hanratty,Development
207050,Navin,Khasidashvili,Development
207090,Stein,Uhrig,Sales
207056,Volkmar,Lorcy,Development
207118,Lijia,Siochi,Development
207276,Ramalingam,Oaver,Development
207148,Zhiguo,Ullian,Development
207154,Almudena,Wendorf,Sales
207167,Mohd,Genin,Sales
207178,Masasuke,Muniz,Development
207190,Dinkar,Mitzlaff,Development
207198,Shahaf,Heystek,Development
207208,Susanne,Shackel,Development
207317,Francoise,Naudin,Sales
207323,Uli,Pehl,Development
207370,Morrie,Edelhoff,Development
207383,Utz,Coullard,Development
207416,Gaurav,Kuhnemann,Sales
207515,Danny,Puppo,Development
207455,Hyuckchul,Kisuki,Development
207518,Jeanna,Reinhart,Sales
207523,Chaosheng,Picaronny,Development
207532,Lidong,Jeansoulin,Sales
207580,Parto,Harbusch,Sales
207512,Valeska,Basagni,Sales
207584,Basant,Schlumberger,Development
207658,Kiyokazu,Whitcomb,Development
207661,Hairong,Leslie,Sales
207662,Mori,Narahari,Development
207585,Limsoon,Picel,Development
207590,Dipankar,Ferriere,Development
207679,Vasilis,Rosti,Sales
207597,Murthy,Kusakari,Development
207691,Genevieve,Pena,Development
207614,Nadjib,Ozeri,Development
207798,Munir,Gyorkos,Sales
207761,Vatsa,Beeson,Development
207780,Dinah,Schade,Development
207784,Lillian,Pardalos,Development
207800,Arumugam,Chandrasekhar,Development
207820,Caolyn,Buescher,Development
207840,Danel,Zuberek,Development
207941,Florian,Emmerich,Sales
207960,Aron,Uludag,Sales
207987,Caolyn,Bondorf,Development
208020,Adil,Boudaillier,Development
207860,Maja,Rodite,Development
208053,Marc,Zongker,Development
207877,Kazunori,Bresenham,Development
208249,Yuchang,Esposito,Development
208118,Noritoshi,Baek,Development
208134,Sangeeta,Crabtree,Development
208256,Hugh,Mungall,Development
208258,Nathalie,Remmers,Development
208200,Fabrizio,Linares,Development
208346,Dharmaraja,Lorho,Development
208209,Kersti,Matzat,Sales
208212,Bangqing,Lagarias,Sales
208218,Masaru,Morrey,Development
208413,Takahira,Pena,Sales
208511,Shai,Valtorta,Development
208433,Jaewon,Serre,Development
208435,Arfst,Toyoshima,Sales
208436,Adhemar,Denny,Sales
208525,Adam,DiGiano,Sales
208463,Ipke,Pillow,Sales
208473,Toshimitsu,Msuda,Development
208528,Sukumar,Polupanov,Sales
208482,Vasilii,Schwartzburd,Development
208531,Dmitry,Peyn,Sales
208546,Piyush,Garnier,Sales
208494,Sumali,Pellegrinelli,Development
208498,Avishai,Rosin,Development
208557,Zhenhua,Servieres,Development
208576,Alper,Rodham,Development
208583,Utpal,Lorho,Development
208659,Kristinn,Ventosa,Development
208586,Remko,Czap,Development
208619,Gererd,Danlos,Development
208684,Kristin,Brizzi,Development
208685,Lokesh,Morris,Development
208686,Gadiel,Farrag,Sales
208689,Hideo,Barvinok,Sales
208699,Sachio,Isaak,Sales
208631,Amstein,Schlumberger,Development
208638,Khatoun,Zobel,Sales
208724,Yongdong,Schnelling,Development
208726,Mary,Barinka,Development
208807,Zita,Shobatake,Development
208742,Heather,Ruther,Sales
208746,Hatsukazu,Schaaf,Sales
208750,Leif,Thummel,Sales
208762,Chikara,Zwicker,Development
208766,Masadi,Ashish,Sales
208771,Nidapan,Bellmore,Development
208883,Herb,Munos,Development
208940,Hideo,Comte,Development
208888,Radhika,Heuter,Development
208980,Wanqing,Baak,Development
208898,Ebru,Homond,Development
208905,Chenye,Ramsey,Sales
208908,Girolamo,Uludag,Development
209005,Kazunori,Iivonen,Development
209112,Nigel,Joslin,Development
209026,Szabolcs,Maksimenko,Development
209033,Patricio,Percebois,Development
209043,Seshu,Flexer,Development
209046,Ennio,Kriebel,Development
209121,Greger,Ramalingam,Development
209163,Moni,Verspoor,Development
209222,Anyuan,Ginesta,Development
209174,Kiam,Vidal,Sales
209252,Giordano,Bultermann,Development
209260,Maya,Ouhyoung,Sales
209181,Basil,Strandh,Development
209187,Shigeaki,Usery,Sales
209215,Branimir,Janocha,Development
209293,Jessie,Masada,Development
209306,Tadahiro,Honglei,Development
209219,Mitchel,Rohrbach,Development
209322,Xumin,Frezza,Development
209364,Manibrata,Casperson,Development
209345,Pohua,Linares,Development
209410,Subhash,Cronau,Development
209356,Tesuro,Jansen,Sales
209418,Faiza,Thimonier,Development
209463,Arun,Masand,Sales
209539,Aloys,Erde,Development
209543,Heng,Porenta,Development
209654,Aksel,Stiles,Sales
209575,Zita,Kambil,Development
209703,Wuxu,Meszaros,Development
209791,Mabhin,Garnham,Sales
209792,Yoshinari,Bernick,Development
209717,Thanasis,Mellouli,Development
209808,Reinhold,Calkin,Development
209752,Amabile,Gulak,Sales
209828,Vatsa,Brender,Development
209829,Froduald,Rosca,Sales
209834,Nitsan,Alvarado,Development
209771,Vitali,Muniz,Sales
209860,Perla,Engberts,Development
209778,Przemyslawa,Walstra,Sales
209872,Breannda,Kaiser,Sales
209937,Erez,Bage,Development
209906,Joydip,Fadgyas,Sales
209915,Lillian,Pashtan,Development
210010,Youssef,Linnainmaa,Development
210080,Premal,Perl,Sales
210096,Herbert,Karner,Development
210097,Hercules,Bernatsky,Development
210098,Mingzeng,Milicic,Sales
210033,Chanjung,Ghandeharizadeh,Development
210110,Falguni,Jullig,Development
210114,Phillip,Snedden,Development
210128,Olivera,Dayana,Sales
210042,Alejandra,Hitomi,Sales
210044,Ymte,Bergere,Sales
210153,Unal,Lanteri,Development
210154,Kristine,Salverda,Sales
210155,Eirik,Koblitz,Sales
210067,Mark,Bresenham,Development
210160,Byong,Trelles,Development
210169,Georgi,Schaaf,Development
210216,Fumitake,Feldmann,Development
210181,Kasturi,Janocha,Development
210182,Patricio,Junet,Sales
210194,Sanjit,Flowers,Development
210230,Chikako,Bage,Development
210245,Alenka,Mungall,Development
210246,Pradeep,Gecsei,Development
210247,Giao,Sewelson,Development
210253,Jixiang,Scallan,Development
210277,Yoshimitsu,Carrere,Development
210368,Jianhao,Peres,Development
210374,Yuriy,Angot,Development
210387,Elvia,Heuter,Development
210411,Lucian,Janetzko,Development
210418,Alejandro,Krogh,Development
210431,Giao,Diderrich,Sales
210450,Vitaly,Perfilyeva,Development
210281,Slavian,Poupard,Development
210473,Aram,Terlouw,Development
210289,Roddy,Benantar,Development
210477,DeForest,Keirsey,Development
210301,Karoline,Suri,Sales
210485,Mitchel,Codenie,Sales
210315,Zhanqiu,Sabnani,Development
210323,Heng,Gluchowski,Development
210330,Bernardo,Andreotta,Development
210638,Xianlong,Bach,Development
210523,Taisook,Sabnani,Development
210543,Zhensheng,Terwilliger,Sales
210554,Piyawadee,Beidas,Sales
210644,Hsiangchu,Panangaden,Sales
210558,Bokyung,Sigstam,Sales
210651,Toney,Eiron,Sales
210571,Hirochika,Peot,Sales
210575,Oscar,Lung,Sales
210655,Naftaly,Gyorkos,Development
210671,Serap,Tsukuda,Development
210677,Gor,Oehlmann,Sales
210611,Soenke,Lupu,Development
210678,Subbu,Asmuth,Development
210620,Anyuan,Bierman,Sales
210682,Bernardo,Jonsson,Development
210685,Isamu,Christ,Development
210710,Nevio,Farrar,Sales
210781,Yongdong,Shigei,Sales
210718,Nikolaos,Kalafatis,Development
210787,Subhada,Setiz,Development
210747,Doohun,Bratten,Sales
210802,Christoph,Perz,Development
210821,Jayesh,Piancastelli,Development
210751,Sanjeeva,Syrotiuk,Sales
210764,Eberhardt,Fujisaki,Sales
210842,Demin,Iwayama,Development
210772,Kotesh,Penttonen,Development
210935,JoAnna,Prochazka,Development
210911,Taisook,Diderrich,Development
210975,Erzsebet,Marzano,Development
210915,Mong,Velasco,Development
210985,Reinhard,Bauknecht,Sales
211008,Ziva,Vecchi,Sales
211040,Jaihie,Nitsch,Sales
211109,Shaunak,Manderick,Development
211063,Rafols,Mahmud,Sales
211151,Gaetan,Hertweck,Development
211163,Ranga,Joslin,Sales
211208,Radhia,Erie,Development
211193,Yannis,Schapiro,Development
211250,Paloma,Luca,Development
211280,Masato,Rothenberg,Sales
211361,Garnet,Candan,Sales
211299,Jaber,Molberg,Development
211398,Vishwani,Thorensen,Development
211301,Khalid,Aingworth,Development
211304,Bowen,Hainaut,Sales
211333,Geoffry,Tetzlaff,Sales
211427,Yechiam,Bala,Sales
211430,Udo,Gyimothy,Sales
211433,Fei,Vitiello,Development
211492,Arch,Openshaw,Sales
211498,Zsolt,Hambrick,Development
211507,Yifei,Pelz,Development
211534,Jianhua,Cardazo,Sales
211644,Menkae,Trogemann,Sales
211655,Giap,Aingworth,Development
211541,Perry,Albarhamtoshy,Development
211666,Nechama,Dratva,Development
211668,Sigeru,Jarecki,Development
211559,Macha,Flowers,Development
211589,Temple,Barbanera,Development
211596,Indrajit,Naumovich,Sales
211735,Uwe,Busillo,Development
211599,Heekeun,Picaronny,Development
211618,Tetsurou,Rabehasaina,Development
211764,Ziyad,Selenyi,Development
211925,Christophe,Rodiger,Development
211778,Srinidhi,Zallocco,Development
211950,Suzette,Conde,Sales
211800,Remzi,Melter,Development
211963,Giao,Janocha,Development
211822,Duangkaew,Ellozy,Development
211841,Zongyan,Arlazarov,Development
211975,Chaitali,Rosaz,Development
211978,Ottavia,Ritcey,Development
212009,Shaowen,Boguraev,Development
212040,Bangqing,Lunt,Sales
212205,Golgen,Mungall,Development
212210,Lokesh,Vakili,Sales
212219,Yahiko,Solovay,Development
212102,Shahid,Stranks,Development
212243,Kwangho,Guenter,Development
212117,Gill,Hutter,Sales
212268,Stamatina,Asser,Development
212136,IEEE,Muhlberg,Development
212291,Persi,Honiden,Development
212171,Valdiodio,Greibach,Development
212178,Alagu,Lodder,Sales
212295,Shahid,Lukaszewicz,Development
212307,Leni,Kirkerud,Sales
212193,Kendra,Sadowski,Development
212340,Kokou,Erol,Development
212567,Marjo,Veeraraghavan,Development
212365,Leon,Champarnaud,Sales
212367,Khatoun,Krider,Development
212413,Sanjiv,Limongiello,Sales
212423,Reinhold,Demke,Sales
212591,Sigeru,Ravishankar,Sales
212482,Lubomir,Angiulli,Sales
212602,Tua,Chiodo,Development
212780,Yuchang,Asser,Sales
212635,Carrsten,Krichel,Development
212644,Garnik,Theuretzbacher,Sales
212796,Troy,Eiron,Sales
212692,Abdulah,Pardalos,Development
212697,Yongmao,Raney,Development
212800,Lihong,Hardjono,Sales
212706,Fai,Remmers,Development
212826,Leucio,Malabarba,Sales
212737,Eckart,Mitchem,Sales
212830,Dines,Lenart,Development
212750,Sajjan,Bednarek,Development
212854,Pranay,Hennings,Development
212758,Phule,Stasinski,Development
212856,Kayoko,Bach,Development
212893,Perla,Conti,Development
212917,Weiye,Cesareni,Development
213059,Mitchel,Seiwald,Sales
212940,Nahid,Syrzycki,Development
212950,Udi,Schiettecatte,Development
212969,Tzu,Ecklund,Development
213035,Shuichi,Nitsche,Sales
213039,Oldrich,Docker,Sales
213040,Rimon,Coors,Development
213066,Udi,Skogmar,Development
213071,Jacqueline,Demian,Sales
213073,Huai,Heemskerk,Development
213083,Wonhee,Nishimukai,Sales
213096,Mandell,Takanami,Sales
213126,Maia,Kolvik,Sales
213228,Itzchak,Iwayama,Sales
213237,Radhika,Tagansky,Development
213243,Shay,Marshall,Development
213144,Patricio,Luon,Sales
213271,Djenana,Acton,Sales
213275,Chenxi,Sankaranarayanan,Development
213164,Tadahiko,Maccarone,Development
213293,Rafols,Streng,Development
213339,Zhigen,Slobodova,Development
213305,Takahira,Farris,Sales
213342,Randy,Knightly,Development
213362,Emdad,Vendrig,Development
213480,Dinah,Srimani,Sales
213393,Hauke,Rossi,Development
213490,Gino,Bugrara,Development
213491,Sashi,Kaiser,Development
213508,Somnath,Binding,Development
213401,Branimir,Gulak,Development
213525,Kamran,Hellwagner,Sales
213407,Gino,Mandell,Sales
213426,Demin,Lenart,Sales
213623,Valeri,Hambrick,Development
213662,Parke,Rosen,Development
213786,Adas,Deyuan,Sales
213734,Boaz,Sessa,Development
213801,Aruna,Alameldin,Sales
213834,Shuji,Impagliazzo,Sales
213839,Danny,Kakkar,Sales
213843,Chaoyi,Plump,Sales
213849,Annemarie,Gilg,Development
213851,Vivian,Fairtlough,Development
213864,Marl,Isard,Sales
213736,Selwyn,Reistad,Development
213935,Rosita,Kaminger,Development
213944,Goetz,Bondorf,Sales
213961,Jaideep,Weedon,Development
213962,Pranjal,Rahier,Sales
213964,Shawna,Limongiello,Sales
213966,Mayumi,Schade,Development
214099,Holgard,Prenel,Development
213978,Jaewon,Eterovic,Development
213981,Kazuyasu,Melski,Sales
213991,Miyeon,Erbe,Sales
213997,Kerhong,Lambe,Development
214204,Alexius,Glowinski,Sales
214144,Duke,Oppitz,Development
214183,Nathalie,Parfitt,Sales
214211,Miomir,Peres,Development
214216,Stabislas,Billawala,Development
214252,Katsuo,Granlund,Sales
214376,Jingling,Krogh,Development
214261,Terresa,Munch,Development
214307,Adam,Lamma,Development
214414,Xuedong,Koyama,Development
214430,Kirk,Hofman,Development
214436,Ashish,Panangaden,Sales
214441,Padma,Sgarro,Sales
214445,Shaw,Decleir,Development
214448,Gay,Baby,Development
214622,Shaw,Peha,Sales
214491,Ulf,Cromarty,Development
214663,Bangqing,Baez,Development
214508,Arvin,Limongiello,Development
214511,Masaki,Marquardt,Development
214522,Otmar,Flanders,Development
214540,Boaz,Butner,Sales
214665,Mana,Eickenmeyer,Development
214682,Jaroslava,Neimat,Sales
214563,Basil,Ramras,Development
214693,Garnet,Kuzuoka,Development
214706,Marlo,Kitai,Sales
214716,Hironobu,Makrucki,Sales
214616,Phillip,Paciorek,Development
214738,Caolyn,Cunliffe,Development
214741,Xiahua,Piazza,Development
214753,Stafford,dAstous,Development
214921,Hsiangchu,Byoun,Development
214785,Arif,Sigstam,Development
214788,Sadun,Zschoche,Development
214791,Mana,Ligten,Development
214794,Val,Ibel,Sales
214796,Leah,Cronau,Sales
214960,Yolla,Koblick,Sales
214823,Aleksandar,Azulay,Development
214826,Susuma,Merey,Development
214858,Yongdong,Kushner,Development
214965,Toshiki,Zeleznik,Development
214970,Arfst,Belinskaya,Sales
214874,Hironoby,Ventosa,Sales
214973,Susanta,Conde,Development
214984,Tomofumi,Yurov,Sales
215021,Horward,Staylopatis,Development
215039,Boutros,Stellhorn,Development
215055,Percy,Percebois,Development
215212,Sigeru,Birnbaum,Development
215104,Giap,Guting,Sales
215111,Sajjad,Dahlbom,Development
215123,Sangeeta,Angelopoulos,Sales
215218,Shiv,Cappello,Sales
215132,Karoline,Perz,Development
215142,Danil,Kushner,Sales
215244,Duangkaew,Farrow,Development
215155,Hideyuki,Erdi,Development
215156,Kensei,Conti,Development
215168,Houman,Hellwagner,Sales
215172,Sukumar,Vigier,Development
215247,Tonny,Hellwagner,Sales
215248,Dmitri,Sinicrope,Development
215262,Naraig,Meszaros,Development
215277,Ewing,Bach,Sales
215329,Gregory,Doering,Development
215282,Panayotis,Stasinski,Sales
215285,Kazuhira,Osgood,Sales
215289,Eckart,Anger,Development
215355,Amabile,Pehl,Development
215291,Haldun,Raoux,Development
215326,Danae,Furudate,Sales
215379,Martina,Muntz,Development
215402,Sanjiv,Prochazka,Sales
215480,Guther,Perly,Development
215482,Samphel,Peac,Sales
215438,Bernd,Magalhaes,Development
215499,Boriana,Cherinka,Development
215511,Jaroslava,Waterhouse,Development
215513,Sigeru,Litzkow,Sales
215616,Sachar,Aloisi,Development
215643,Nidapan,Staelin,Development
215654,Zvonko,Jakobus,Development
215680,Lokesh,Billingsley,Development
215523,Feixiong,Emmerich,Sales
215693,Hidefumi,Emmart,Development
215695,Jasminko,Wendorf,Development
215696,Nigel,Iisaka,Sales
215697,Tooru,Bardell,Development
215575,Tran,Hofting,Development
215730,Amalendu,Peek,Development
215734,Gina,Bahi,Development
215745,Lidong,Suppi,Sales
215576,Takushi,Anger,Sales
215917,Mohua,Valette,Development
215776,Adas,Ashish,Development
215783,Sverrir,Prochazka,Sales
215785,Zita,Tetzlaff,Development
215801,Alejandra,Underwood,Development
215924,Bojan,Rotem,Sales
215941,Atilio,Herber,Development
215831,Halsur,Ferriere,Development
215946,Josyula,Barbanera,Development
215989,Kersti,Hofting,Development
215855,Fan,Snedden,Development
215890,Denis,Kroon,Development
216020,Taiji,Gurbaxani,Development
216028,Guadalupe,Hofmeyr,Development
216032,Alain,Senzako,Development
216034,Marit,Pollacia,Development
216038,Nahla,Alameldin,Development
216191,Yuuichi,Bernick,Development
216075,Nimmagadda,Kranzdorf,Sales
216230,Adib,Kabayashi,Development
216102,Baziley,Vingron,Sales
216127,Steve,Farrag,Development
216128,Syozo,Schneeberger,Development
216233,Sushant,Crooks,Development
216250,Jaana,Zweizig,Sales
216284,Maris,Vigier,Development
216177,Nagui,Mattern,Development
216181,Susuma,Biran,Sales
216291,Patricia,Kuszyk,Development
216326,Pantung,Zizka,Sales
216294,Keiichiro,Kalefeld,Sales
216295,Kerhong,Siegrist,Sales
216318,Guozhong,Maierhofer,Development
216348,Gro,Ernst,Development
216321,Masami,Lores,Sales
216496,Holgard,Shihab,Development
216389,Garnik,Naudin,Development
216397,Feixiong,Brodal,Sales
216500,Angus,Eldridge,Development
216532,Dung,Merli,Development
216443,Troy,Pero,Development
216460,Tetsushi,Gerteisen,Development
216545,Sorina,Danley,Development
216549,Menkae,Raney,Sales
216580,Susuma,Facello,Sales
216615,Yechiam,Busillo,Development
216599,Marsja,Pettey,Sales
216642,Kazuhiko,Mondadori,Sales
216643,Luisa,Camurati,Development
216659,Munehiko,Carrera,Sales
216668,Kellie,Rodite,Sales
216670,Sreenivas,Paludetto,Sales
216789,Eben,Ghemri,Development
216703,Visit,Zolotykh,Development
216722,Leen,Sudbeck,Development
216801,Heon,Vasanthakumar,Sales
216748,Salvador,Jervis,Sales
216750,Charmane,Farris,Development
216809,Moni,Winter,Sales
216813,Atreye,Lorys,Sales
216854,Kirk,Reeker,Development
216896,Suebskul,Pelc,Development
216904,Khosrow,Leivant,Development
216934,Nagui,Krzyzanowski,Development
216860,Akeel,Monkewich,Development
217062,Candido,Cappello,Development
216965,Badri,Birke,Sales
216975,Branimir,Salverda,Development
216988,Abdulla,Hempstead,Development
217070,Aksel,Gargeya,Sales
217109,Arra,Ossenbruggen,Development
217188,Leszek,Bach,Sales
217173,Torsten,Krichel,Sales
217199,Miomir,Saoudi,Sales
217336,Jungsoon,Usdin,Sales
217276,Billur,Schapire,Development
217283,Khosrow,Falco,Development
217347,Mechthild,Perri,Development
217349,Atreyi,Zeleznik,Sales
217350,Bernardo,Bauknecht,Sales
217377,Zhaofang,Gecsei,Development
217385,Sadun,Smailagic,Sales
217396,Soenke,Flowers,Development
217471,Josyula,Coors,Development
217418,Nikolaos,Puppo,Development
217484,Subhrajyoti,Nivat,Development
217606,Khalid,Luit,Development
217509,Saeed,Beutelspacher,Development
217534,Emran,Guting,Development
217559,Taizo,Cappelli,Sales
217561,Kiyotoshi,Ananiadou,Sales
217564,Marie,Schnabel,Sales
217643,Guangming,Oxman,Sales
217574,Roded,Gelosh,Sales
217598,Piyawadee,Przulj,Development
217649,Lidong,Potthoff,Sales
217661,Chenxi,Janetzko,Sales
217662,Marla,Parveen,Development
217734,Tayeb,Eldridge,Sales
217746,Shih,Pelc,Sales
217753,Maria,Birge,Development
217768,Bikash,Merro,Development
217775,Becky,Pusterhofer,Development
217928,Yishay,Showalter,Development
217820,Beshir,Crabtree,Development
217824,Tomofumi,Ranai,Sales
217870,JoAnna,Simmel,Development
217873,Gro,Uchoa,Development
217876,Leah,Kossowski,Development
217945,Shmuel,Georg,Sales
217955,Marit,Cairo,Development
217967,Candido,Merli,Sales
217973,Geoffry,Underwood,Development
218044,Maia,Veevers,Sales
218051,Seongbin,Czap,Sales
217977,Shahaf,Eldridge,Development
217991,Kenton,Reinhard,Sales
217998,Dipankar,Murthy,Development
218029,Vivian,Lortz,Development
218178,JiYoung,Brickell,Development
218138,Kazunori,Malabarba,Development
218183,Zsolt,Papastamatiou,Sales
218167,Diederik,Fargier,Sales
218319,Kitty,Speer,Sales
218189,Vishv,Rindone,Development
218200,Martien,Szilard,Development
218408,Alair,McClurg,Development
218417,Moto,Aamodt,Development
218201,Harjit,Ashish,Sales
218423,Arlette,Munro,Development
218212,Navin,Cheshire,Sales
218432,Eran,Pettit,Sales
218435,Sanjiv,Mayerwieser,Development
218439,Amstein,Jonsson,Sales
218441,Yechezkel,Lundstrom,Development
218217,Wuxu,Bernick,Sales
218228,Francesca,Auyong,Sales
218264,Kenton,Uludag,Development
218466,Bernt,Kadhim,Development
218477,Vishwani,Kornatzky,Sales
218275,Mayuri,Furudate,Development
218497,Toshimo,Boyle,Development
218280,Olivera,Gist,Development
218503,Urs,Berztiss,Development
218291,Martine,Kalloufi,Sales
218598,Kristen,Mandell,Development
218528,Heeju,Matzat,Development
218540,Nathalie,Trelles,Development
218560,Charmane,Ramamoorthy,Sales
218562,Arvin,Furudate,Development
218608,Udi,McClurg,Development
218580,Kwee,Speek,Development
218629,Ingmar,Perry,Development
218592,Shalesh,McDermid,Sales
218593,Arunas,Lamba,Development
218631,Feixiong,Zhiwei,Development
218655,Kiyotoshi,Lakshmanan,Development
218661,Haldon,Nitta,Sales
218768,Yurij,Gaughan,Development
218674,Toshiko,Lipner,Sales
218685,Sarita,Yavatkar,Development
218691,Marsha,Simmen,Development
218713,Akeel,Glowinski,Development
218725,Genevieve,Hatcliff,Sales
218731,Youjian,Diderrich,Sales
218856,Haldon,Rattan,Development
218739,Dannz,Vadhan,Sales
218878,Pranay,Fujisawa,Development
219026,Nathalie,Quittner,Sales
218883,Yongqiao,Erie,Sales
219082,Mary,Baalen,Development
218885,Rosine,Gimarc,Development
218916,Iara,Cronan,Development
219102,Xiaoheng,Arlazarov,Sales
219116,Jinxi,Sgarro,Sales
219131,Yechiam,Raoux,Development
218998,Kristian,Hennebert,Development
219138,Yoshimitsu,Barinka,Development
219152,Kristen,Pouyioutas,Development
219017,Atilio,Cangellaris,Sales
219329,Holgard,Heiserman,Sales
219396,Miomir,Flanders,Development
219219,Maya,Gerlach,Development
219236,Jinya,Onuegbe,Development
219237,Alair,Driscoll,Development
219251,Gian,Braunschweig,Sales
219267,Aloys,Tibblin,Development
219414,Nahum,Hegner,Development
219602,Niclas,Schmiedel,Development
219462,Quingbo,Uludag,Sales
219603,Florian,Gomatam,Development
219609,Karlis,Sanella,Development
219629,Rosella,Kolinko,Development
219489,Tsutomu,Ramalingam,Development
219646,Huai,Reghbati,Development
219650,Gennady,Willoner,Development
219519,Kazunori,Mitzlaff,Sales
219661,Jayson,Cronin,Sales
219529,Takahira,Brender,Sales
219674,Martina,Snedden,Development
219545,Fayez,Harbusch,Development
219548,Anestis,Naumovich,Sales
219898,Tonny,Felcyn,Sales
219584,Parto,Oehlmann,Development
219589,Supot,Worfolk,Development
219739,Xiaobin,Shinomoto,Development
219742,Jahangir,Orsini,Development
219761,Moss,Lupu,Sales
219907,Huan,Tyugu,Sales
219778,Chuanti,Ishibashi,Sales
219962,Goncalo,Gill,Sales
219809,Kauko,Mansanne,Development
219825,Shen,Gladwell,Development
219829,Shaz,Kuszyk,Development
219839,Sugwoo,Swiler,Sales
219977,Honglan,Escriba,Sales
219978,Janche,Attimonelli,Development
219860,Taisook,Quaggetto,Development
219994,Akemi,Broomell,Sales
219870,Leif,Kushner,Development
220004,Erzsebet,Karnin,Sales
220007,Maren,Molenkamp,Development
220019,Rafael,Lamba,Sales
220184,Mahendra,Emiris,Sales
220051,JoAnne,Matheson,Sales
220064,Mark,Ramras,Sales
220210,Siamak,Mersereau,Development
220211,Hironoby,Reinhart,Development
220222,Chikara,Verhoeff,Development
220112,Masasuke,Castellani,Development
220119,Kauko,Basagni,Sales
220234,Nobuyoshi,Viele,Sales
220238,Luise,Stille,Development
220258,Sajjad,Erez,Development
220276,Subhada,Kuzuoka,Development
220756,Krister,Billingsley,Development
220312,Kristina,Karner,Development
220316,Sanjoy,Backhouse,Development
220320,Chiranjit,Gaughan,Development
220323,Tomoyuki,Hainaut,Sales
220343,Siamak,Msuda,Sales
220358,Geraldo,Magliocco,Sales
220374,Yurij,Ohori,Development
220419,Adhemar,Seuren,Development
220617,Turgut,Millington,Sales
220619,Gor,Jahnichen,Development
220622,Tsuneo,Bernardinello,Development
220624,Lakshmi,Marakhovsky,Development
220642,Cathie,Srimani,Sales
220657,Krisda,Sinitsyn,Sales
220667,Turgut,Lyonns,Development
220762,Pramod,Schreiter,Development
220671,Ult,Birta,Development
220672,Genta,Caine,Development
220674,Irene,Bruckman,Development
220765,Ekawit,Merel,Development
220785,Sugwoo,Redmiles,Development
220692,Monique,Remmele,Development
220702,Steen,Crabtree,Development
220718,KayLiang,Polajnar,Sales
220728,Sashi,Halevi,Development
220729,Shimshon,Kamber,Sales
220804,Aral,Uludag,Development
220896,Berna,Lalonde,Development
220897,Kwangjo,Serot,Development
220901,Stevo,Zumaque,Development
220850,KayLiang,Lipner,Development
220932,Hinrich,Bisiani,Development
220955,Houman,Nicolson,Development
220956,Dannz,Beerel,Sales
220868,Christoph,Lovengreen,Sales
220872,Soenke,Berztiss,Development
220998,Eckart,Bael,Sales
221027,Yongdong,Hofstetter,Development
221004,Gro,Curless,Development
221008,Shrikanth,Ramalingam,Development
221014,Arunachalam,Baca,Development
221040,Susanta,Socorro,Development
221052,Claudi,Godskesen,Development
221166,Jaana,Isaac,Development
221172,DAIDA,Bugaenko,Sales
221080,Tesuya,Rosaz,Development
221188,Masaki,Jansen,Development
221207,Jinxi,Bierman,Development
221085,Chaosheng,Ramaiah,Development
221086,Baziley,Motley,Development
221088,Danae,Kawashima,Development
221240,Vitali,Plump,Development
221118,Nimmagadda,Klyachko,Development
221274,Mingdong,Gargeya,Development
221127,Ziva,Morrin,Development
221286,Marl,Matzen,Development
221130,Tomofumi,Kornatzky,Development
221139,Harngdar,Pietracaprina,Sales
221142,Marin,Kambil,Development
221453,Abdulla,Staylopatis,Development
221308,Shounak,Kroft,Development
221324,Elgin,Trumbly,Development
221337,Ramachenga,Jiang,Sales
221475,Wilmer,Engelmann,Development
221351,Odoardo,Chepyzhov,Sales
221356,Pradeep,Hagimont,Development
221485,Nahum,Szmurlo,Development
221487,Rutger,Kambil,Development
221388,Gao,Lund,Development
221515,Weicheng,Hutter,Development
221404,Constantino,Butner,Development
221561,Shigeichiro,Plump,Development
221577,Gita,Capobianchi,Sales
221583,Atreyi,Heusch,Development
221600,Weiwu,Yemenis,Development
221760,Marko,Ellozy,Sales
221645,Pradeep,Rabehasaina,Development
221766,Tzvetan,Karunanithi,Development
221663,Parto,Pileggi,Sales
221770,Jayesh,Winter,Sales
221799,Tran,Lorys,Development
221683,Gritta,Osgood,Development
221708,Zijian,Selenyi,Development
221709,Edwin,Parascandalo,Sales
221824,Parviz,Orsini,Sales
221829,Nectarios,Smeets,Development
221850,Mitsuyuki,Ritzmann,Development
221881,Subhash,Cyne,Sales
221863,Radhia,Schlegelmilch,Sales
221882,Sahrah,Aloia,Sales
221888,Nathalie,Frolund,Development
222019,Kristian,Edelhoff,Sales
221927,Teunis,Usdin,Development
222022,Dung,Mayerwieser,Sales
222046,Nahla,Driscoll,Development
221946,Kazuhira,Foote,Development
221959,Krassimir,Lueh,Development
222067,Gift,Gaughan,Development
222077,Gor,Kilgour,Sales
221989,Jiakeng,Terekhov,Development
221990,Adel,Hiyoshi,Development
222085,Peternela,Staelin,Development
222110,Maria,Warwick,Development
222122,Weidon,Henseler,Development
222145,Zhiwei,Huttel,Sales
222180,Maia,Feinberg,Sales
222147,Hitomi,Bernatsky,Sales
222192,Wuxu,Esteva,Development
222326,DeForest,Heyers,Development
222205,Ayonca,Validov,Sales
222213,Salvador,Wielonsky,Development
222239,Zhiguo,Kilgour,Development
222330,Gor,Bellone,Sales
222346,Muneo,Gadepally,Development
222279,Syozo,Peroz,Development
222358,Vishv,Pramanik,Sales
222359,Kristen,Murtafg,Development
222427,Roselyn,Schaft,Sales
222446,Yonghong,Gente,Development
222470,Jaques,Velardi,Development
222433,Munehiro,Serna,Development
222475,Xinyu,Petereit,Development
222587,Kiyokazu,Chiola,Sales
222506,Xudong,Alpay,Development
222595,Becky,Kavvadias,Development
222598,Lokesh,Bade,Sales
222602,Amstein,Randi,Development
222536,Feipei,Merel,Sales
222624,Kenton,Birdsall,Sales
222552,Shaowei,Deyuan,Development
222558,Hinrich,Ducloy,Development
222559,Arvind,Mitina,Sales
222643,Shounak,Landherr,Development
222567,Katsuyuki,Bultermann,Development
222667,Shigenori,Mattern,Sales
222685,Anneli,Lagarias,Development
222720,Dayanand,Montresor,Development
222690,Takahiro,Boreale,Development
222702,Dmitry,Barbanera,Development
222899,Yoshimitsu,Peres,Development
222768,Shimshon,Beetstra,Development
222836,Ishfaq,Aloia,Sales
222925,Shrikanth,Karunanithi,Sales
222954,Persi,Pleszkun,Sales
222960,Jaroslava,Garnick,Development
223009,Xinan,Codenie,Development
223016,Gro,Chaudhuri,Development
222994,Valeska,Munawer,Development
223198,Seshu,Pusterhofer,Development
223079,Radhakrishnan,Trelles,Development
223081,Nalini,Rusterholz,Development
223091,Xinglin,Babb,Development
223103,Zeljko,Picaronny,Development
223108,Jouko,Rodier,Development
223130,Rafols,Hockney,Development
223140,Horward,Vadhan,Development
223292,Kasidit,Savasere,Sales
223310,Jolita,Erdi,Sales
223327,Teunis,Peron,Sales
223443,JoAnna,Birke,Development
223344,Perla,Eiter,Sales
223381,Masadi,Schnelling,Development
223384,Rimon,Khalil,Development
223389,Shuho,Adachi,Sales
223406,Gift,Yoshimura,Development
223413,Jingling,Gist,Development
223461,Manibrata,Kusalik,Sales
223486,Mang,England,Sales
223620,Kazuyasu,Marshall,Development
223493,Maja,Frolund,Development
223501,Gennady,Cappelletti,Sales
223645,Tomokazu,Shumilov,Sales
223657,Kazuhide,Luca,Development
223509,Haldon,Osgood,Development
223543,Basil,Peres,Development
223703,Kokou,Bottner,Sales
223550,Seongbae,McFarlan,Sales
223856,Anestis,Vidya,Development
223729,Nahla,Mitchem,Development
223731,Tsutomu,Restivo,Development
223869,Udaiprakash,Woycyznski,Development
223750,Shaibal,Dayana,Sales
223870,Youssef,Kobara,Development
223872,Supot,Penttonen,Sales
223768,Mani,Stifter,Sales
223942,Elgin,Plessier,Development
223788,Jinya,Olivero,Development
223830,Huican,Biros,Development
223971,Mikhail,Bisiani,Development
223972,Phillip,Peng,Sales
223975,Yongmin,Kusakabe,Development
223981,Christoph,Cheshire,Sales
223987,Wayne,Lorch,Development
224014,Perry,Beetstra,Development
223995,Hyuckchul,Beilner,Development
224030,Atreyi,Sommen,Sales
224142,Zhiguo,McClure,Development
224044,Ingemar,Mitchem,Development
224051,Mark,Syrzycki,Development
224162,Munenori,Olano,Sales
224067,Lene,Ruther,Sales
224070,Chrisa,Krzyzanowski,Sales
224171,Chaitali,Ramamoorthy,Sales
224206,Bilhanan,Ciolek,Sales
224102,Lokesh,Hoogerwoord,Development
224211,Amstein,Schreiter,Development
224219,Murthy,Knightly,Development
224222,Sumant,Thorensen,Sales
224234,Maha,Slobodova,Development
224288,Kazunori,Meriste,Development
224291,Christophe,Rosca,Development
224251,Kensei,Juneja,Development
224269,Makato,Kornatzky,Sales
224321,Shooichi,Ritcey,Development
224431,Xiadong,Bruckman,Sales
224356,Giri,Tischendorf,Sales
224460,Danai,Dayana,Development
224467,Gad,Miyakawa,Development
224472,Marla,Birta,Development
224497,Yechiam,Range,Development
224498,Mary,Khalil,Sales
224723,Guadalupe,Alpay,Development
224582,Xudong,Ruemmler,Development
224622,Tetsurou,Lipner,Development
224679,Mats,Simmel,Sales
224680,Beshir,Liedekerke,Sales
224694,Arfst,Collette,Sales
224701,Keung,Vakili,Development
224728,Atreye,Casley,Development
224776,Thanasis,Salinas,Sales
224781,Rosli,Soloway,Development
224795,Chaitali,Shokrollahi,Sales
224824,Leaf,Zedlitz,Sales
224901,Naftali,Pero,Development
224907,Holgard,Matzke,Sales
224917,Danae,Pollock,Development
224828,Zhigen,Versino,Development
224837,Yahiko,Ambroszkiewicz,Development
224937,Demin,Solovay,Development
225009,Chuanti,Rouquie,Development
224973,Steve,Gire,Development
225033,Naraig,Camurati,Development
225059,Tuval,Vernadat,Development
225085,Niclas,Mungall,Development
225198,Zhongwei,Plavsic,Development
225105,Palash,Hempstead,Sales
225211,Barry,Krichel,Sales
225116,Josyula,Uhrig,Development
225230,Berthier,Montresor,Development
225123,Makato,Gide,Development
225231,Ibibia,Marakhovsky,Development
225280,Perry,Miara,Sales
225242,Ute,Weiland,Development
225253,Uinam,Swiss,Development
225254,Sanjoy,Tzvieli,Sales
225255,Dharmaraja,Shumilov,Sales
225287,Ronnie,Decleir,Sales
225301,Huican,Collavizza,Sales
225306,Wonhee,Pagter,Sales
225307,Shiv,Angel,Sales
225313,Luisa,Eiron,Development
225439,Gian,Koblick,Development
225323,Morrie,Sidhu,Sales
225444,Masanao,Vural,Development
225327,Vishwani,Kalloufi,Sales
225357,Perry,Papastamatiou,Development
225463,Temple,Masada,Sales
225464,Tetsurou,Vieth,Development
225364,Souichi,Merle,Development
225373,Danel,Rodite,Development
225594,Mariusz,Emmerich,Sales
225515,Jenwei,Herber,Sales
225518,Owen,Zyda,Sales
225546,Marl,Albarhamtoshy,Development
225552,Sariel,Lalonde,Development
225714,Gadiel,Dayang,Development
225719,Kolar,Himler,Development
225613,Alenka,Markovitch,Development
225747,Tadahiko,Tiemann,Development
225615,Zhonghui,Clouatre,Sales
225621,Erez,Hempstead,Development
225628,Tze,Pokrovskii,Development
225652,Along,Seiwald,Development
225658,Danai,Kakkar,Sales
225818,Tomoyuki,Shihab,Development
225661,Hairong,Baer,Sales
225829,Takahito,Peak,Development
225992,Sverrir,Zedlitz,Sales
225840,Moti,Rodier,Sales
226012,Sahrah,Katalagarianos,Development
225900,Tse,Roisin,Development
225955,Radhia,Bernini,Development
225965,Dhritiman,Alpay,Development
225980,Luigi,Antonakopoulos,Development
225981,Niclas,Hopewell,Development
226017,Badri,Orlowski,Development
226032,Sadegh,Vernadat,Development
226067,Baruch,Benner,Sales
226146,Shichao,Syrzycki,Development
226079,Naraig,Badache,Development
226095,Unal,Kalsbeek,Sales
226181,Maris,Sudbeck,Development
226191,Toong,Jakobus,Sales
226112,Susanna,Gomatam,Sales
226121,Vidar,Narahara,Development
226269,Collette,Zhiwei,Sales
226270,Uwe,Honiden,Sales
226325,Leni,Avouris,Sales
226367,Ung,Munro,Sales
226431,Alassane,Budinsky,Development
226452,Patricio,Stellhorn,Development
226369,Kensei,Heping,Sales
226480,Leszek,Kusalik,Sales
226384,Hausi,Makinen,Sales
226614,Valery,Fargier,Development
226699,Zsolt,Bolsens,Sales
226708,Bikash,Zedlitz,Sales
226715,Paloma,Sullins,Development
226616,Zine,Unno,Development
226643,Hauke,Marshall,Development
226733,Taizo,Pezzoli,Development
226752,Rajmohan,Luit,Development
226661,Kannan,Rosenbaum,Development
226853,Wuxu,Bail,Development
226774,Sumali,Remmers,Development
226782,Jaber,Beerel,Sales
226792,Siamak,Shackel,Development
226796,Aksel,Baar,Development
226814,Zhenbing,Pollock,Development
226878,Abdulah,Furedi,Sales
226896,Yurij,Akaboshi,Sales
226899,Shigehito,Syrotiuk,Development
226942,Satoru,Rattan,Development
227042,Gay,Templeman,Development
227205,Leon,Demizu,Development
227059,Supot,Benzmuller,Development
227296,Oscal,Christ,Development
227299,Kellyn,Millington,Development
227249,Hideyuki,Erni,Sales
227250,Sadegh,Kusakabe,Development
227409,Jianhao,Ullian,Development
227358,Rafols,Muhling,Development
227416,Ferdinand,Hebert,Development
227448,Steve,Puppo,Development
227459,Younwoo,Schmiedel,Sales
227465,Bartek,Ducloy,Sales
227553,Trygve,Schwartzbauer,Sales
227554,Akemi,Borstler,Development
227475,Kendra,Danner,Development
227563,Peternela,Yamaashi,Sales
227517,Aria,Rathonyi,Sales
227578,Randy,Alpay,Development
227593,Hugo,Leuchs,Development
227595,Gaetan,Kragelund,Development
227530,Gilbert,Krichel,Development
227689,Dannz,Seuren,Sales
227650,Takanari,Juneja,Sales
227662,Gou,Preusig,Sales
227694,Paloma,Chandrasekhar,Sales
227695,Saeed,DasSarma,Sales
227696,Moty,Portugali,Development
227698,Genevieve,Majewski,Development
227726,Alejandro,Trystram,Development
227777,Ingmar,Ibel,Development
227868,Ute,Hardjono,Development
227877,Leszek,Tsukune,Sales
227783,Xiping,Constantine,Sales
227792,Woody,Ponthieu,Sales
227908,Shih,Denti,Development
227910,Saniya,Alencar,Sales
227801,Valery,Brobst,Development
227819,Luerbio,Lichtner,Development
228025,Yuguang,Papastamatiou,Development
227969,Falguni,Mandell,Sales
228142,Vojin,Talmor,Sales
228146,Navin,Rande,Sales
228051,Yuguang,Viele,Development
228152,Sailaja,Lung,Sales
228163,Ortrud,Kossowski,Development
228065,Mariusz,McFarlan,Sales
228071,Taegyun,Laurillard,Sales
228320,Wonhee,Murrill,Sales
228200,Chinhyun,Teitelbaum,Development
228223,Pranav,Hatcliff,Sales
228233,Francesca,Serov,Development
228246,Bartek,Aloisi,Sales
228429,Atreye,Emmerich,Development
228357,Sarita,Brookner,Development
228436,Vugranam,Baja,Development
228449,Pascal,Kushnir,Sales
228472,Chirstian,Magalhaes,Development
228358,Goetz,Molenaar,Development
228368,Mario,Remmers,Development
228546,Matk,Chiodo,Sales
228500,Martial,Fontet,Sales
228517,Huei,Leaver,Sales
228519,Lihong,Porotnikoff,Development
228563,Paloma,Baer,Development
228576,Owen,Motley,Sales
228685,Peer,Zolotykh,Sales
228587,Katsuo,Basagni,Sales
228591,Tristan,Petereit,Sales
228716,Sukumar,Rajcani,Development
228654,Sudharsan,Chachaty,Sales
228774,Xinan,Klyachko,Development
228655,Jiong,Blokdijk,Sales
228823,Mayuko,Gimbel,Development
228790,Djenana,Felder,Development
228829,Guiseppe,Lagarias,Development
228853,Mayumi,Basawa,Development
228973,Cheong,Nations,Development
228982,Alagu,Ramsak,Sales
228861,KayLiang,Siksek,Sales
228999,Fen,Birsak,Development
228889,Mircea,Frolund,Development
228895,Ugo,Fontan,Sales
229046,Fabrizio,Denti,Sales
228929,Pascal,Borovoy,Development
229069,Lucian,Crelier,Development
228944,Tzu,Hmelo,Development
228961,Xiaoshan,Poupard,Development
229259,Georgi,Narahari,Development
229137,Susanta,Prenel,Development
229281,Hitomi,Solovay,Development
229307,Padma,Peroz,Development
229163,Susuma,Wroclawski,Sales
229208,Patricio,Christianini,Sales
229225,Clyde,McClure,Development
229231,Oscar,Toyoshima,Development
229240,Sachar,Kugler,Development
229317,Fumiya,Wegerle,Development
229367,Oscar,Katzenelson,Sales
229415,Abdelghani,Ibel,Development
229423,Stafford,Murtafg,Sales
229435,Arnd,Kading,Development
229368,Chuanti,Marrevee,Sales
229377,Herb,Slutz,Development
229461,Berto,Raczkowsky,Sales
229466,Monique,Schaft,Development
229539,Torsten,Kawashima,Sales
229480,Franziska,Passafiume,Development
229481,Shimshon,Conti,Sales
229549,Ekawit,DasSarma,Development
229513,Trygve,Lienhardt,Development
229516,Susanta,Gischer,Development
229552,Utpal,Shackel,Sales
229569,Kannan,Merel,Development
229571,Masanao,Pappas,Development
229578,Bernt,Ariola,Sales
229579,Reinhard,Aumann,Development
229686,Leni,Piazza,Development
229612,Chuanti,Vidal,Development
229620,Arun,Shackell,Sales
229649,DAIDA,Montresor,Development
229761,Amalendu,Garnham,Sales
229819,Zhenbing,Delgrande,Development
229810,Katsuo,Attimonelli,Development
229815,Atreyi,Tsukune,Development
229822,Vidya,Basagni,Development
229846,Ibibia,Melton,Development
229867,Jasminko,Merkl,Development
229969,Zine,Walstra,Sales
229903,Hausi,Callaway,Development
229997,Fai,Zwicker,Sales
230008,Sajjan,Angelopoulos,Sales
230022,Xuedong,Skogmar,Sales
229905,Moss,Trumbly,Development
230028,Zsolt,Vernadat,Development
230029,Wanqing,Kalorkoti,Development
229911,Ingmar,Jansen,Sales
229922,Arvin,Condotta,Development
230047,Yucai,Jullig,Sales
229926,Tomofumi,Sgarro,Sales
229927,Berto,Valiente,Development
229933,Saniya,Itzfeldt,Development
230074,Zito,Templeman,Sales
229937,Huiqun,Butner,Sales
230246,Herbert,Hasham,Development
230091,Waiman,Birjandi,Development
230255,Ennio,Lorcy,Development
230280,Karlis,Feinberg,Sales
230290,Deborah,Hopewell,Development
230296,Uzi,Makinen,Development
230325,Gio,Kinley,Development
230192,Oddvar,Mandelberg,Development
230213,Yishai,Furedi,Development
230331,Nidapan,Beutelspacher,Development
230346,Guiseppe,Trumbly,Sales
230353,Siamak,Maierhofer,Sales
230357,Mitchel,Marciano,Development
230378,Brigham,Babu,Sales
230541,Shaunak,Riexinger,Development
230412,Subhrajyoti,Mikschl,Development
230553,Oldrich,Mapelli,Development
230594,Basim,Cyne,Development
230453,Limsoon,Macedo,Sales
230465,Sajjan,Coullard,Development
230468,Takahito,Zweizig,Development
230480,Udo,Bernini,Sales
230481,Khaled,Rathonyi,Development
230496,Tomokazu,Gips,Development
230602,Arnould,Wursthorn,Development
230610,Stepehn,Veevers,Sales
230647,Kamakshi,Senzako,Development
230673,Sadegh,Panwar,Development
230813,Tesuya,Shumilov,Sales
230691,Mantis,Angelopoulos,Sales
230707,Tesuro,Verhoeff,Development
230825,Atilio,Stentiford,Development
230723,Shimshon,Portugali,Sales
230846,Parto,Perelgut,Development
230737,Hsiangchu,Hagimont,Development
230750,Magy,Vigier,Sales
230753,Geraldo,Suri,Development
230868,Zengping,Poulakidas,Sales
230771,Bezalel,Colorni,Development
230774,Tetsushi,Erni,Development
230882,Geoffrey,Pezzoli,Development
230883,Pradeep,Kawashima,Sales
230885,Gila,Zhiwei,Development
230898,Charlene,Vitiello,Development
230801,Giao,Engberts,Sales
230928,Tesuya,Schlumberger,Development
230937,Indrajit,Kermarrec,Development
230948,Emdad,Peac,Development
230966,Tadahiro,Melski,Development
230975,DeForest,Keohane,Development
230976,Chuanyi,Serot,Sales
231096,Debaprosad,Tyugu,Sales
231111,Shirish,Rosiles,Development
231023,Toshimo,Madeira,Development
231116,Kristof,Danecki,Development
231034,Xiaobin,Coors,Sales
231122,Jeane,Baik,Development
231151,Jessie,Varman,Sales
231057,Ziyad,Bhattacharjee,Sales
231163,Emran,Dechter,Sales
231083,Gritta,Angelopoulos,Development
231178,Gennady,Highland,Sales
231207,Peternela,Lakshmanan,Development
231238,Sarita,Tsukuda,Development
231410,Persi,Sidou,Sales
231276,Jayesh,Butner,Sales
231294,Sven,Brender,Sales
231315,Subir,Farrar,Development
231316,Zhilian,Soloway,Development
231425,Danai,DuCasse,Development
231339,Bogdan,Skrikant,Development
231344,Ohad,Kalafatis,Sales
231347,Kiam,Thimonier,Development
231430,Quingbo,Kusakabe,Sales
231436,Hironobu,Nannarelli,Development
231440,Mariangiola,Lores,Development
231486,Yefim,Cmelik,Development
231521,Kiam,Koshino,Development
231554,Xiaoshan,Hennings,Development
231665,Gita,Cullers,Development
231557,Janche,Griswold,Development
231563,Khosrow,Rijckaert,Sales
231570,Dietrich,Vecchi,Sales
231571,Lena,Broomell,Sales
231602,Leaf,Azumi,Development
231635,Billie,Kalafatis,Development
231696,Foong,Silva,Sales
231702,Sahrah,Vieri,Sales
231706,Achilleas,Pettey,Sales
231838,Kazuhiko,Strandh,Development
231736,Sverrir,Peternell,Development
231858,Geoffry,Baez,Sales
231740,Kyoichi,Gustavson,Sales
231874,Murthy,Peroz,Sales
231950,Stella,Marchegay,Development
231887,Yongmin,Petereit,Sales
231905,Hugo,Comellas,Development
231919,Sanjit,Lamma,Development
231935,Duri,Perry,Development
231956,Spyrose,Birjandi,Sales
231959,Adib,Hatcliff,Sales
231968,Elrique,Mapelli,Development
232098,Margareta,Bale,Sales
232102,Hidekazu,Ramsay,Sales
232107,Boutros,Baby,Development
231994,Hideyuki,Hagimont,Development
232031,Zvonko,Alpay,Development
232040,Vasiliy,Hoogerwoord,Development
232184,Persi,Weiland,Development
232045,Berhard,Goodrum,Development
232201,Weicheng,Baig,Sales
232050,Tomoyuki,Weedon,Sales
232204,Mamdouh,Zastre,Sales
232067,Abdelwaheb,Rosay,Development
232220,Zengping,Hettesheimer,Development
232089,Yoshimitsu,Czaja,Development
232381,Siddarth,Tempesti,Sales
232389,Marit,Kumaresan,Development
232396,Alejandra,Weisert,Development
232423,Szabolcs,Baezner,Development
232294,Arie,Klerer,Development
232297,Ghassan,Borstler,Development
232438,Demos,Polupanov,Development
232313,Raimond,Schiettecatte,Sales
232508,Kankanahalli,Brickell,Sales
232338,Genta,Mahnke,Sales
232679,Lijie,Baca,Sales
232526,Stepehn,Bernick,Sales
232564,Vishu,Trachtenberg,Development
232684,Hyuckchul,Hockney,Development
232686,Kazuhiko,Akiyama,Sales
232711,Palash,Vitiello,Development
232587,Sreenivas,Weedon,Development
232599,Haldon,Kropf,Sales
232601,Claude,Honglei,Development
232716,Manu,Bruckman,Sales
232613,Uwe,Butner,Development
232722,Mitchel,Srimani,Sales
232623,Guther,Linares,Development
232727,Sastry,Jonsson,Development
232632,Brewster,Radhakrishnan,Development
232753,Tadanori,Sudbeck,Sales
232636,Duro,Peha,Sales
232638,Morrie,Morris,Development
232947,Noritoshi,Meriste,Sales
232808,Uriel,Ghalwash,Development
232813,Chandrasekaran,Breugel,Development
232977,Perla,Chenney,Development
232868,Tua,Suri,Development
232995,Jixiang,Billawala,Sales
232882,Zhigen,Pepe,Sales
232883,Gita,Lorie,Sales
232888,Ennio,Comellas,Development
233040,Terresa,Weedon,Development
232911,Marin,Borstler,Development
232933,Keung,Solovay,Sales
233048,Sailaja,Waterhouse,Sales
233250,Jayson,Hoogerwoord,Sales
233097,Djenana,Olano,Development
233115,Felicidad,Middleton,Development
233121,Lucian,Norsworthy,Development
233136,Kauko,Ruther,Sales
233147,Yishai,Teitelbaum,Development
233253,Kyoichi,Merli,Development
233163,Jayson,Ginneken,Sales
233257,Mikhail,Waeselynck,Sales
233272,Trygve,Teitelbaum,Development
233278,Berto,Eiron,Development
233314,Karoline,Luby,Development
233354,Mingzeng,Bernick,Development
233375,Chrisa,Comte,Development
233385,Georgi,Kulisch,Development
233388,Aluzio,Wendorf,Sales
233518,Utpal,Conry,Development
233400,Vatsa,Rothenberg,Development
233429,Marjo,Kranzdorf,Development
233431,Jingling,Flowers,Sales
233520,Magdalena,Ghazalie,Sales
233526,Yuchang,Comyn,Development
233547,Masali,Dichev,Sales
233464,Hsiangchu,Bach,Development
233557,Boutros,Benveniste,Development
233481,Nectarios,Talmon,Development
233588,Gill,Genin,Sales
233494,Basem,Chartres,Development
233591,Fox,Lunn,Development
233594,Xiahua,Yamaashi,Sales
233610,Mabo,Litzler,Sales
233659,Chenye,Swick,Development
233613,Nigel,Masand,Sales
233647,Salvador,Thummel,Development
233681,Adam,Fontet,Development
233701,Shen,Nollmann,Sales
233706,Lansing,Mawatari,Development
233652,Hatim,Auria,Sales
233653,Neelam,Chachaty,Development
233798,Pranas,Feinberg,Development
233738,Candida,Mayerwieser,Development
233749,Charlene,Beausoleil,Development
233810,Stevo,Peltason,Development
233770,Moheb,Huxford,Development
233821,Lubomir,Salvesen,Development
233822,Nathan,Mitchem,Development
233837,Filipp,Luef,Development
233791,Hideyuki,Zhiwei,Sales
233858,Irena,Nivat,Development
233878,Shigenori,Vanwelkenhuysen,Sales
233943,Seongbae,Theuretzbacher,Development
233953,Mona,Lindqvist,Development
233958,Toney,Magliocco,Development
233892,Tiina,Siochi,Development
233964,Luise,Merle,Development
233966,Shimshon,Albarhamtoshy,Sales
233975,Werner,Leuchs,Development
233981,Angel,Francisci,Development
234084,Rance,Viele,Sales
234016,Katsuo,Sewelson,Development
234031,Xudong,Hitomi,Sales
234045,Gift,Zschoche,Sales
234046,Guadalupe,Valtorta,Sales
234056,Udaiprakash,Perng,Sales
234234,Edwin,Minakawa,Development
234237,Falguni,Bugrara,Development
234253,Subhash,Staylopatis,Sales
234098,Saddek,Ulupinar,Sales
234120,Heekeun,Ghazalie,Development
234281,Zito,Karnin,Development
234282,Sasan,Rosis,Development
234300,Subhrajyoti,Beznosov,Development
234131,Arumugam,Ranka,Development
234310,Bojan,Murtagh,Sales
234311,Fusako,Haddadi,Sales
234317,Willard,Calkin,Development
234136,Leszek,Roison,Development
234153,Remzi,Beerel,Development
234326,Munehiko,Sherertz,Development
234166,Isamu,Birke,Sales
234331,Cullen,Cherinka,Development
234334,Kshitij,Kornatzky,Sales
234172,Make,Dulli,Development
234181,Masali,Camarinopoulos,Development
234357,Heather,Maraist,Development
234358,Ioana,Ebeling,Development
234214,Yunming,Matzen,Development
234366,Goncalo,McFarlan,Development
234512,Kitty,Lortz,Development
234390,Mokhtar,Arlazarov,Development
234394,Kazuhide,Sichman,Sales
234562,Howell,Berztiss,Development
234417,Arunas,Kusakari,Development
234438,Sreekrishna,Schnelling,Development
234442,Marlo,Hutton,Development
234591,Kshitij,Hemaspaandra,Development
234500,Dmitry,Zockler,Development
234601,Alexius,Lanzelotte,Development
234643,Arvind,Schaar,Development
234676,Yaghout,Valiente,Development
234797,Margo,Schoegge,Development
234690,Dmitri,Bridgland,Development
234703,Deborah,Levasseur,Development
234813,Dietrich,Tagansky,Development
234729,Collette,Kropatsch,Development
235078,Yoshinari,Ullian,Development
234761,Lijia,Borstler,Development
234932,True,Brodie,Sales
235115,Sandeepan,Byoun,Sales
234990,Mohamadou,Markovitch,Development
234995,Mori,Talmon,Development
234996,Mark,Hasham,Development
235001,Anneke,Escriba,Development
235018,Guozhong,Basawa,Development
235019,Tooru,Peir,Sales
235024,Sariel,VanScheik,Sales
235136,Parto,Azuma,Development
235028,Yucai,Juneja,Development
235148,Mountaz,Rouquie,Development
235062,Takahito,Mapelli,Development
235177,Deborah,Petereit,Development
235364,Marie,Keohane,Sales
235225,Aloke,Binding,Sales
235232,Ramzi,Spinelli,Development
235267,Troy,Anido,Development
235366,Xinyu,Esteva,Development
235270,Nadjib,Matzke,Development
235271,Gregory,Azuma,Sales
235377,Guther,Kusalik,Sales
235275,Stafford,Perly,Development
235382,Ghassan,Pillow,Sales
235287,Arco,Glowinski,Development
235291,Arto,Fontet,Development
235454,Guadalupe,Lally,Development
235317,Sorina,Gerteisen,Sales
235348,Jinya,Merro,Development
235486,Tse,Bahr,Development
235506,Jaber,Shokrollahi,Development
235661,Along,Menhardt,Sales
235524,Jolita,Itzigehl,Sales
235545,Fatemeh,Collette,Development
235684,Horward,Georgatos,Development
235568,Izaskun,Trachtenberg,Development
235570,Suzette,Swist,Development
235573,Adil,Stamatiou,Sales
235706,Shuichi,Fendler,Development
235594,Yannik,Heemskerk,Development
235597,Makato,Kobara,Development
235710,Sachem,Bonifati,Sales
235740,Arco,Baer,Sales
235775,Chriss,Driscoll,Sales
235937,Moto,Atchley,Development
235786,Przemyslawa,Schlumberger,Sales
235790,Shigehiro,Hofting,Development
235951,Gen,Unno,Development
235834,Kish,Ducloy,Development
235980,Cullen,Serre,Development
235862,Neven,Openshaw,Development
236019,Nishit,Gerlach,Development
236041,Girolamo,Nergos,Sales
235899,Toshiko,Picht,Development
235905,Zeljko,Riefers,Sales
236050,Yoshinari,Marchesini,Development
236067,Radoslaw,Collette,Development
236224,Jolita,Iisaka,Development
236083,Marl,Scharstein,Development
236118,Aleksandar,Conti,Development
236119,Emran,Schwartzburd,Sales
236236,Pranjal,Melichar,Development
236243,Jinxi,Daescu,Sales
236247,Chaitali,Staudhammer,Development
236154,Shmuel,Demeyer,Sales
236259,Baruch,Mondadori,Sales
236168,Kyoichi,Hopewell,Development
236267,Uriel,Remmele,Development
236272,Chirstian,Litvinov,Development
236190,Ugo,Lichtner,Development
236285,Takahito,Erni,Development
236203,Shahab,Suermann,Development
236287,Babette,Butner,Development
236290,Ingmar,Sichman,Development
236328,Chinhyun,Nations,Development
236329,Bodo,Rosay,Development
236496,Dhritiman,Lyonns,Development
236373,Mahendra,Fujisaki,Sales
236381,Breannda,Stavenow,Sales
236383,Magdalena,Figueira,Development
236398,Satyanarayana,Ciolek,Development
236417,Nikolaus,Beilner,Sales
236555,Adamantios,Luga,Sales
236441,Salvador,Bednarek,Development
236447,Achilleas,Vasanthakumar,Sales
236466,Yinghua,Krohn,Sales
236574,Jacqueline,Munch,Development
236696,Xiaoheng,Cappelli,Development
236698,Kokou,Ramaiah,Development
236602,Temple,Baak,Development
236607,Geraldo,Lorcy,Development
236727,Duri,Staylopatis,Sales
236795,Arno,Trystram,Sales
236733,Ziva,Pero,Sales
236740,Shahaf,Bergere,Development
236812,Xiaoheng,Azadmanesh,Development
236837,Mabhin,Qiwen,Development
236848,Vincent,Marwedel,Development
236936,Hironobu,Schusler,Development
236938,Elgin,dAstous,Development
236856,JoAnne,Couchot,Development
237078,Khalid,Braccini,Development
236957,Marsal,Matzen,Sales
237008,Giap,Roisin,Development
237012,Berhard,Narwekar,Development
237022,Ibibia,Gopalakrishnan,Sales
237047,Akeel,Peres,Sales
237093,Demos,Ranum,Development
237136,Stabislas,Poulakidas,Development
237158,Shaowei,Hertweck,Sales
237159,KayLiang,Turnbull,Development
237175,Adil,Reutenauer,Sales
237221,Magy,Krohm,Development
237202,Hongzhu,Hettesheimer,Sales
237240,Jianhua,Trumbly,Development
237445,Beshir,Furedi,Development
237253,Jianhao,Bisiani,Sales
237291,Jackson,Gecsei,Sales
237324,Susanna,Lorin,Development
237325,Jayson,Passino,Sales
237463,Becky,Buescher,Development
237337,Heekeun,Vuskovic,Sales
237343,Ottavia,Zolotykh,Development
237476,Khalil,Vilarrasa,Sales
237483,Morrie,Zumaque,Development
237488,Padma,Ishibashi,Development
237638,JoAnne,Kaminger,Development
237497,Turgut,Stavenow,Development
237512,Guozhong,Berztiss,Development
237643,Premsyl,Begiun,Development
237519,Mayuri,Pearson,Development
237663,Junsik,Onuegbe,Development
237536,Candida,Horswill,Development
237671,Reinhard,Cangellaris,Development
237542,Weicheng,Hatcliff,Sales
237546,Guttorm,Clemencon,Sales
237558,Nikolaos,Riefers,Sales
237681,Shem,Berztiss,Development
237572,Jiong,Codenie,Development
237717,Owen,Heping,Development
237740,Fan,Birrer,Development
237917,Kendra,Schaad,Development
237773,Eberhardt,Iwayama,Development
237777,Anneli,Fiebach,Sales
237790,Yannik,Bierbaum,Development
237794,Fei,Morrin,Sales
237971,Seongbin,Steenbeek,Development
237820,Jiakeng,Rosiles,Development
237863,Manohar,Kushnir,Development
238004,Mariusz,Reeken,Sales
237892,Pohua,Dechter,Development
237894,Jiang,Dalton,Sales
238018,Amabile,Radhakrishnan,Development
238032,Filipe,Srimani,Development
238039,Ekawit,Eppinger,Development
238041,Qiwen,Leslie,Development
238047,Renee,Krohn,Sales
238049,Subhrajyoti,Undy,Sales
238053,Lein,Baca,Sales
238202,Waiman,Nilsson,Development
238100,Koldo,Burnard,Development
238105,Mikhail,Socorro,Development
238244,Richara,Rosca,Development
238131,Wojceich,Besselaar,Sales
238275,Huai,Middleton,Development
238155,Adil,Nittel,Development
238159,Toshiki,Schicker,Sales
238160,Edwin,Merks,Sales
238164,Perry,Sullins,Sales
238172,Radhia,Vuskovic,Sales
238298,Prasadram,Cunliffe,Sales
238316,Kamran,Grospietsch,Development
238504,Baruch,Fiebach,Development
238355,Roddy,Marzano,Development
238360,Demin,Basawa,Sales
238372,Yuriy,Harbusch,Development
238389,Etsuo,Perfilyeva,Sales
238505,Falguni,Camurati,Sales
238406,Conor,Wegerle,Sales
238508,Sahrah,Schach,Sales
238537,Tomofumi,Bellone,Development
238538,Fumitaka,Pehl,Development
238578,Neelam,Uhrig,Development
238475,Fox,Jarecki,Sales
238476,Khalid,Lanzelotte,Sales
238599,Tokuyasu,Breugel,Sales
238619,Badri,Benantar,Development
238653,Greger,Segond,Development
238625,Filipe,Schusler,Development
238659,Khalil,Zirintsis,Development
238813,Shaz,Marsiglia,Development
238669,Masako,Rosenbaum,Sales
238743,Paraskevi,Rabehasaina,Sales
238836,Gopalakrishnan,Merlo,Sales
238752,Aluzio,Acton,Development
238867,Visit,Sigstam,Sales
238869,Alagu,Glinert,Development
238880,Atreye,Heyers,Development
238934,Evgueni,Bardell,Development
238935,Janalee,Jakobus,Sales
238900,Yaghout,Furedi,Development
239066,Stafford,Pesch,Sales
239074,Chenyi,Koprowski,Sales
239013,Alassane,Lamparter,Development
239021,Christ,Foong,Sales
239078,Szabolcs,Narwekar,Sales
239097,Sungwon,Ratnaker,Development
239108,Shigehito,Thombley,Sales
239139,Kristinn,Varman,Sales
239146,Duke,Kakkad,Development
239173,Mitchel,Vandervoorde,Sales
239184,Jinpo,Luce,Development
239261,Shem,Pileggi,Development
239185,Luigi,Giaccio,Sales
239338,Nitsan,Polupanov,Sales
239273,Martine,Murtafg,Development
239295,Pragnesh,Orlowska,Sales
239341,Shigehiro,Gecsei,Sales
239350,Marlo,Peltason,Sales
239365,Hsiangchu,Bratten,Sales
239377,Geraldo,McFarlan,Sales
239481,Youjian,Winter,Development
239494,Ramachenga,Stifter,Sales
239495,Saeed,Stemann,Sales
239414,Sverrir,Renear,Sales
239594,Radhika,Callaway,Development
239598,Taiji,Rosch,Sales
239423,Hongzue,Gyimothy,Sales
239430,Shrikanth,Weedman,Development
239443,Teruyuki,Ouhyoung,Development
239446,Uriel,Yetim,Development
239641,Yannik,Eickenmeyer,Development
239642,Mara,Belinskaya,Development
239463,Arve,Tagansky,Development
239477,Chinya,Tsunoo,Development
239685,Houman,Tagansky,Development
239689,Susanta,Cooman,Sales
239782,Indrajit,Shackel,Sales
239711,Arun,Lagarias,Development
239718,Shaunak,Docker,Sales
239720,Karoline,Pehl,Development
239729,Lijie,Rousseau,Sales
239798,Uzi,Trystram,Sales
239756,Leif,Coors,Development
239762,Kamakshi,Szemeredi,Development
239802,Elvis,Isard,Sales
239806,Byong,Kadhim,Sales
239809,Naraig,Baaz,Development
239831,Miyeon,Diderrich,Sales
239832,Akhilish,Kakkar,Sales
239917,Soenke,Christ,Development
239896,Shuzo,Hasenauer,Sales
239927,Theron,Riefers,Sales
239939,Uli,Bazelow,Development
239944,Mariangiola,Fritzsche,Sales
240097,Godehard,Kitai,Development
240014,Manibrata,Swiler,Development
240134,Lidong,Mattern,Sales
240196,Xianlong,Vigier,Sales
240208,Eishiro,Dusink,Development
240344,Sarita,Koyama,Development
240367,Amabile,Yetim,Development
240309,Roselyn,Angel,Development
240313,Sandeepan,Krupka,Development
240378,Rimli,Trachtenberg,Development
240469,Harngdar,Oxenboll,Sales
240475,Qunsheng,Guardalben,Development
240518,Guadalupe,Reeker,Development
240530,Alois,Sridhar,Development
240629,Jamaludin,Ratnaker,Development
240559,Yinlin,Bhattacharjee,Sales
240561,Stella,Simmen,Development
240639,Mountaz,Bratten,Sales
240587,Zorica,Akazan,Sales
240669,Jeanna,Azulay,Development
240609,Taegyun,Serre,Development
240684,Masaki,Bain,Sales
240690,Jungsoon,Narahara,Development
240696,Boutros,Velardi,Sales
240744,Yakkov,Ratnakar,Sales
240787,Munenori,Farrel,Development
240811,Valdiodio,Eugenio,Development
240814,Filipp,Vieri,Sales
240927,Adit,Alvarado,Development
240869,Kirk,Hasham,Sales
240928,Shahaf,Unni,Sales
240892,Charlene,Wiegley,Sales
240936,Shahid,Tanemo,Development
240950,Demos,Kleiser,Development
240951,Visit,Awdeh,Development
240988,Weidon,Flasterstein,Development
241067,Shigeu,Binkley,Development
241071,Jovan,Tetzlaff,Sales
241035,Heping,Marshall,Development
241123,Tomoyuki,Jonsson,Sales
241126,Masamitsu,Francisci,Development
241204,Fumitake,Dehkordi,Development
241145,Kwee,Sundgren,Sales
241253,Shigeichiro,Schapiro,Development
241301,Masato,Perin,Development
241303,Jamaludin,Bratsberg,Sales
241320,Sreekrishna,Rosch,Development
241389,Yishay,Sommen,Development
241321,Shir,Heping,Development
241472,Jianhao,Slobodova,Development
241411,Subhada,Salvesen,Sales
241481,Muzhong,Dahlbom,Development
241427,Fei,Msuda,Development
241514,Arve,Arlazarov,Development
241463,Tadahiko,Fritzsche,Development
241518,Janche,Rijckaert,Development
241548,Evgueni,Crouzet,Development
241553,Nathan,Gurbaxani,Sales
241558,Sadok,Hedayat,Development
241622,Mara,Grospietsch,Sales
241623,Fumitaka,Knightly,Sales
241627,Remco,Plump,Development
241577,Gao,Wendorf,Sales
241639,Kankanahalli,Stafford,Development
241580,Ortrun,Motley,Development
241660,Marla,Boissier,Development
241665,Dinah,Businaro,Development
241595,Oddvar,Muhling,Sales
241672,Augustine,Schlegelmilch,Sales
241690,Atreyi,Lemarechal,Development
241597,Thodoros,Spieker,Development
241762,Toney,Tiemann,Development
241750,Shih,Grabner,Development
241784,Francesca,Lamparter,Sales
241842,Kokou,Staudhammer,Sales
241926,Matk,Debuse,Sales
241940,Carrsten,Schoegge,Sales
241851,Domenico,Marzano,Sales
241955,Evgueni,Vakili,Development
241855,Nechama,Undy,Development
241965,Aimee,Kornatzky,Sales
242055,Arco,Zaiane,Development
242011,Subhash,Mahnke,Development
242037,Izaskun,Yemenis,Sales
242089,Chrisa,Highland,Development
242114,Angus,Orlowska,Sales
242227,Jouni,Dahlbom,Sales
242132,Serge,Liesche,Sales
242231,Lansing,Biron,Development
242248,Nishit,Garnick,Sales
242250,Yoshinari,Ishibashi,Development
242162,Yinghua,Bodoff,Sales
242262,Ziva,Przulj,Development
242289,Sakthirel,Wixon,Development
242333,Gaetan,Dolinsky,Development
242321,DAIDA,Reeker,Development
242334,Renny,Kadhim,Sales
242470,Tse,Constantine,Development
242342,Marsha,Pargaonkar,Development
242347,Teunis,Heystek,Sales
242509,Rosalyn,Hebden,Sales
242367,Larisa,Papastamatiou,Sales
242585,Kwangho,Cyre,Development
242586,Xinglin,Gulik,Sales
242373,Christoper,Weisert,Sales
242601,Adhemar,Kumaresan,Development
242404,Kwee,Zumaque,Development
242779,Mona,Whitcomb,Development
242717,Mori,Nanard,Development
242731,Arun,Erdmenger,Sales
242789,Hitomi,Nitsch,Development
242793,Ekawit,Rosca,Development
242795,Tetsurou,Bouloucos,Development
242802,Heng,Shobatake,Sales
242818,Malu,Murtagh,Development
242895,Khoa,Pillow,Development
242819,Xuejia,Lukaszewicz,Development
242821,Vojin,Baby,Sales
242903,Dung,Genther,Sales
242907,Bouchung,Eppinger,Development
242834,Sanjoy,Tetzlaff,Development
242862,Mario,Leonhardt,Sales
242940,Hinrich,Vieth,Development
242949,Surveyors,Perelgut,Development
242870,Kazuhisa,Thiria,Development
242879,Khalil,Khalid,Development
242990,Sachar,Journel,Sales
242886,Guadalupe,Nitsch,Development
243005,Leszek,Moffat,Development
243086,Rosalie,Kumaresan,Sales
243014,Gaurav,Codenie,Development
243024,Girolamo,Sherertz,Sales
243178,Kaijung,Bazelow,Development
243180,Gen,Terkki,Development
243099,Mansur,Barvinok,Development
243184,Hilari,Zongker,Sales
243189,Goh,Rebaine,Sales
243103,Gao,Coney,Development
243114,Gererd,Kemmerer,Development
243213,Malu,Kusakabe,Sales
243215,Yakichi,Bain,Sales
243131,Paris,Detkin,Sales
243141,Kshitij,Birnbaum,Development
243154,Maia,Marrakchi,Development
243260,Wonhee,Delgrossi,Development
243270,Zongyan,Ruemmler,Development
243362,Fatemeh,Sifakis,Development
243306,Sailaja,Randt,Sales
243311,Mikhail,Dengi,Sales
243316,Brendon,Talmon,Sales
243469,Serap,Marakhovsky,Development
243470,Paloma,Tyugu,Sales
243478,Ekawit,DasSarma,Sales
243435,Moriyoshi,Akiyama,Sales
243494,Dannz,Bernatsky,Sales
243508,Dhritiman,Sinitsyn,Sales
243510,Paraskevi,Detkin,Development
243535,Chinhyun,Chorvat,Development
243561,Sergi,Sichman,Development
243677,Odoardo,Baezner,Development
243565,Nigel,Veeraraghavan,Development
243569,Mitchel,Ravishankar,Development
243571,Zeljko,Kulisch,Development
243578,Ymte,Klassen,Development
243592,Radhia,Frolund,Sales
243766,Xinyu,Oppitz,Development
243785,Takahiro,Veldwijk,Sales
243793,Willard,Felder,Sales
243689,Koichi,Neiman,Sales
243799,Kiam,Chaudhury,Sales
243694,Niclas,Businaro,Development
243815,Zengping,Improta,Development
243695,Harngdar,Stasinski,Development
243820,Chiranjit,Akaboshi,Development
243716,Abdulah,Denos,Development
243743,Adam,Cyre,Development
244072,Chiranjit,Demke,Sales
243891,Shan,Rodite,Sales
244117,Dung,Chiodo,Development
243923,Owen,Akiyama,Development
243931,Sanjit,Miara,Sales
243950,Lidong,Argence,Development
244148,Chikako,Heusch,Sales
243981,Dipankar,Encarnacion,Development
244177,Tzu,Champarnaud,Sales
244187,Gregory,Peng,Development
244188,Yuping,Lanteri,Sales
244196,Leon,Flowers,Development
244204,Masato,Prenel,Development
244323,Zhongwei,Emmerich,Sales
244260,Sangeeta,Mandelberg,Sales
244359,Maria,McAffer,Sales
244283,Inderjeet,Manderick,Sales
244395,Oldrich,McConalogue,Development
244454,Akeno,Morrow,Development
244437,Yinlin,Rikino,Development
244524,Mabhin,Monarch,Development
244614,Vasilis,Matzel,Development
244566,Jacopo,Soloway,Development
244654,Suzette,Katiyar,Development
244671,Chanjung,Staudhammer,Development
244673,Kokou,Antonakopoulos,Development
244675,Aloys,Barreiro,Development
244677,Gift,Ruther,Development
244750,Gaurav,Kamble,Development
244753,Xumin,Lanteri,Development
244773,Mingdong,Zaiane,Development
244784,Aris,Matzen,Sales
244787,Rosalyn,Talmor,Sales
244791,Kauko,Olivero,Sales
244911,Xudong,Sanella,Sales
244815,Remko,Streit,Development
244836,Tianruo,Cairo,Development
244948,Marsha,Masand,Development
244958,Maja,Merks,Development
244860,Florina,Salverda,Development
244863,Mohit,Peres,Development
245180,Zorica,Hoppenstand,Sales
245022,Gen,Xiaoshan,Sales
245186,Marlo,Trelles,Sales
245196,Randi,Chartres,Sales
245052,Martina,Gruenwald,Sales
245203,Kenroku,Hiroyama,Development
245062,Jayesh,Cyne,Development
245064,Achilleas,Dayana,Development
245065,Ioana,Rosar,Sales
245257,Bernardo,Schiper,Development
245114,Matt,Demeyer,Development
245258,Arra,Erol,Sales
245264,Make,Streng,Sales
245268,Billie,Caine,Development
245132,Gaetan,Hiroyama,Development
245273,Tianruo,Encarnacion,Development
245290,Guther,Hofmeyr,Development
245291,Sachem,Srimani,Development
245313,Kwangjo,Crouzet,Development
245350,Tadanori,Greibach,Development
245352,Randi,Mattern,Sales
245398,Kazuhisa,Berstel,Development
245425,Licheng,Schieder,Sales
245434,Narain,Gulla,Development
245444,Moie,Mattern,Sales
245293,Heping,Segond,Development
245590,Doowon,Honglei,Development
245463,Chenye,Rajcani,Sales
245593,Shigeu,Perez,Sales
245474,Brewster,Matheson,Development
245598,Takanari,Remmers,Sales
245491,Tzu,Krychniak,Development
245611,Arup,Randi,Sales
245634,Berry,Hatcliff,Development
245528,Kristinn,Baumann,Sales
245642,Kiyokazu,Sommer,Development
245719,Ayonca,Lowrie,Sales
245880,Valdiodio,Giveon,Development
245742,Ohad,Lampe,Sales
245756,Munenori,Nitto,Sales
245886,Frederique,Herath,Development
245790,Yongmao,Alblas,Sales
245889,Mohamadou,Cappelli,Development
245914,Shim,Swick,Development
245969,Akhilish,Kushner,Sales
245829,Valter,McConalogue,Development
245835,Peternela,Back,Sales
245837,Poorav,Kermarrec,Development
245986,Reinhard,Gargeya,Development
245997,Zhongwei,Rusterholz,Sales
246005,Marke,Hanratty,Sales
246165,Hironobu,Spinelli,Sales
246182,Jahangir,Heydon,Sales
246207,Sumali,Piazza,Development
246101,Karoline,Sherertz,Sales
246224,Kenton,Griswold,Development
246134,Nobuyoshi,Belinskaya,Development
246140,Duangkaew,Zschoche,Sales
246149,Guangming,Fargier,Development
246249,Jamaludin,Remmele,Development
246155,Phillip,Peak,Sales
246253,Neven,Jansen,Sales
246273,Uwe,Poulakidas,Development
246295,Kwangyoen,Asmuth,Development
246446,Arlette,Molenkamp,Development
246320,Michaela,Bage,Development
246322,Kazuhito,Staudhammer,Development
246356,Koldo,Pagter,Development
246381,Feiyu,Peha,Sales
246482,Tsutomu,Journel,Sales
246498,Matt,Herber,Development
246505,Hugo,Byoun,Sales
246522,Toshimi,Ramras,Development
246559,Gian,Rissanen,Sales
246756,Suvo,Schwartzburd,Sales
246590,Vesna,Panwar,Development
246630,Adib,Markovitch,Development
246639,Sergi,Schiettecatte,Development
246658,Hatim,Nitsche,Development
246692,Lansing,Conti,Sales
246783,Sariel,Garigliano,Sales
246717,Sham,Benzmuller,Sales
246794,Marlo,Rebaine,Development
246812,Goa,Jonsson,Development
246817,Taegyun,Czaja,Development
246873,Shaz,Vilarrasa,Development
246854,Roddy,Gips,Development
246904,Carrsten,Armand,Sales
246858,Dannz,Swist,Development
246866,Huican,Carrera,Development
246919,Menkae,Perin,Sales
247056,Syozo,Figueira,Sales
246930,Kitty,Anguita,Development
246947,Arvind,Montemayor,Development
246959,Tomoyuki,Lindenbaum,Sales
247084,Collette,Yurek,Development
247086,Boaz,Mundy,Sales
247104,Jinya,Schnelling,Sales
247135,Yaghout,Bage,Development
247299,Yinlin,Whitcomb,Development
247216,Georg,Bazzichi,Development
247220,Aimee,Miyakawa,Sales
247256,Patricio,Reutenauer,Sales
247284,Gina,Otillio,Development
247315,Fei,Lorho,Sales
247318,Sarita,Baek,Development
247332,Hugo,Gerlach,Development
247377,Yurij,Bondorf,Development
247472,Mayuko,Rossi,Development
247477,Alenka,Kropp,Sales
247400,Huei,Chappelet,Development
247502,Yinlin,Iivonen,Sales
247408,Aamod,Perez,Development
247518,Yefim,Siprelle,Development
247411,Anyuan,Hedayat,Sales
247427,Uinam,Schaaf,Development
247538,Fatemeh,Verspoor,Sales
247540,Parviz,Murthy,Sales
247590,Venkatesan,Chinen,Development
247577,Yuqun,Pileggi,Development
247634,Shiv,Axelband,Development
247729,Filipp,Morris,Development
247645,Feiyu,Sundgren,Development
247689,Gennadi,Fadgyas,Development
247763,Remzi,Cincotta,Development
247769,Vugranam,Melton,Development
247702,Elzbieta,Vidal,Development
247790,Goo,Apsitis,Development
247714,Vivian,Swist,Sales
247715,Harjit,Scharstein,Sales
247807,Aemilian,Azumi,Development
247863,Pranav,Bugaenko,Development
247817,Chaoyi,Morrow,Development
247827,Arif,Lund,Sales
247855,Shao,Yamaashi,Sales
247860,Inderjeet,Ruther,Sales
247872,Ger,Imataki,Sales
247878,Doohun,Peha,Sales
247880,Saniya,Oxenboll,Sales
247887,Ashish,Preusig,Sales
247900,Tuval,Denis,Development
247959,Moni,Piancastelli,Development
248012,Shirish,Menhoudj,Development
248023,Sverrir,Badache,Development
248038,Golgen,Stellhorn,Development
247963,Charlene,Back,Development
247967,Denny,Varker,Development
247968,Pintsang,Zweizig,Sales
248000,Turgut,Thorensen,Development
248063,Lidong,Genther,Development
248084,Noritoshi,Renear,Development
248087,Christoph,Engelmann,Development
248227,Zhiguo,Spell,Development
248303,Subir,Hambrick,Development
248310,Christophe,Ratnakar,Development
248335,Gaetan,Tibblin,Development
248340,Maris,Dalphin,Development
248374,Dipankar,Speckmann,Development
248377,Felicidad,Luks,Development
248416,Lubomir,Ferretti,Development
248456,Jinpo,Brender,Sales
248462,Filipe,Gecsei,Development
248502,Sham,Vecchi,Development
248515,Duro,Swiler,Sales
248537,Fumino,Cyne,Development
248544,Basim,Murrill,Sales
248572,Filipp,Fetvedt,Sales
248632,Zijian,Clemencon,Sales
248640,Jessie,Eiter,Sales
248648,Zhiwei,Schlenzig,Development
248688,Percy,Zlotek,Development
248706,Panayotis,Azuma,Sales
248710,Fabrizio,Hockney,Sales
248743,Leif,Bahr,Development
248755,Kyoichi,Ranka,Development
248232,Hinrich,Rodiger,Sales
248233,Annemarie,Dayana,Development
249003,Saniya,Bondorf,Development
248820,Howell,Seiwald,Development
248826,Jaana,Oxenboll,Development
248859,Arvind,Baar,Sales
248860,Sreenivas,Carrere,Development
248885,Xiong,Kieras,Sales
248888,Chikara,Thiran,Development
249034,Arun,Ranum,Development
248902,Lihong,Esteva,Sales
248908,Adit,Peha,Development
248939,Paris,Ghelli,Sales
249052,Houman,Awdeh,Development
248957,Tomokazu,Peyn,Sales
248959,Elrique,Noriega,Sales
248965,Mack,Spinelli,Sales
249078,Tremaine,Orlowska,Development
248979,Bezalel,Pezzoli,Sales
248988,Lokesh,Wynblatt,Sales
248989,Radoslaw,Giarratana,Development
249094,Subhrajyoti,Siepmann,Development
249121,Pantung,Turnbull,Development
249288,Youngkon,Marsiglia,Development
249170,Masaru,Clouatre,Development
249194,Yongmin,Gimbel,Development
249339,Seongbin,Coors,Development
249227,Manton,Chorvat,Development
249233,Mara,McAffer,Development
249341,Miquel,Reinhart,Sales
249261,Gil,Pettis,Sales
249343,Radhika,Zumaque,Development
249355,Manu,Kalafatis,Sales
249369,Lidong,Chinen,Development
249394,Shiv,Crabtree,Development
249399,Aran,Eugenio,Development
249410,Caolyn,Comyn,Development
249411,Kwan,Gulik,Sales
249415,Panayotis,Noriega,Development
249417,Heng,DasSarma,Development
249568,Khosrow,Crelier,Development
249453,Shim,Merle,Development
249468,Yakkov,Ibel,Sales
249479,Pintsang,Brodal,Development
249515,Dinkar,Carrera,Development
249591,Shaw,Mersereau,Development
249528,Bader,Spataro,Development
249535,Gopalakrishnan,Camurati,Development
249613,Magy,Onuegbe,Sales
249548,Freyja,Jiafu,Development
249559,Yuichiro,Flanders,Development
249642,Yonghong,dAstous,Development
249646,Alper,Boudaillier,Development
249654,JoAnna,Zizka,Sales
249711,Georg,Zambonelli,Sales
249663,Xuedong,Braccini,Sales
249720,Dipayan,Strehl,Sales
249729,Aiichiro,Redmiles,Development
249667,Shawna,Walston,Sales
249673,Naraig,Klerer,Sales
249696,Elrique,Whitcomb,Development
249761,Mayumi,Hoppenstand,Development
249697,Mario,Kuzuoka,Development
249708,Anoosh,Orlowski,Development
249852,Ziya,Schade,Sales
249802,Rasiah,Pearson,Development
249805,Kitty,Bazzichi,Development
249822,Sergi,Cairo,Sales
249886,Radhika,Rossi,Development
249900,Kasturi,Janocha,Development
249907,Odoardo,Kumaresan,Development
249923,Bowen,Frijda,Development
250000,Arch,Landherr,Development
249924,Remmert,Bale,Development
249947,Arfst,Farrar,Development
250006,Deborah,Spataro,Sales
250015,DAIDA,Coombs,Sales
249958,Marjo,Bergere,Sales
250026,Sigeru,Cooke,Development
249971,Christoper,Tzvieli,Development
249979,Cullen,Pearson,Development
250141,Brewster,Chenney,Sales
250068,Kyoichi,Ghemri,Sales
250080,Zhensheng,Nitsche,Development
250218,Uriel,Zongker,Development
250225,Fuqing,Beerel,Development
250244,Shunichi,Muntz,Sales
250331,Vitaly,Roohalamini,Development
250257,Sachio,Huttel,Development
250356,Persi,Pocchiola,Development
250272,Khalil,Birch,Development
250376,Boutros,Leijenhorst,Sales
250418,Yannis,Cools,Sales
250389,Zeydy,Ouhyoung,Development
250419,Greger,Bottner,Development
250428,Shigeu,Reinhart,Development
250454,Paddy,Bardell,Development
250464,Florian,Gimbel,Sales
250580,Dietrich,Reinhart,Development
250472,Zhilian,Yamaashi,Development
250473,Miomir,Raoux,Sales
250598,Kristinn,Itschner,Sales
250499,Arif,Aseltine,Sales
250612,Hidekazu,Backhouse,Sales
250624,Mayuri,Oehlmann,Sales
250629,Salvador,Limongiello,Development
250516,Oddvar,Baig,Development
250528,Abdulla,Barvinok,Sales
250531,Emdad,Panienski,Sales
250532,Masako,Zongker,Sales
250554,Sachio,Plesums,Sales
250708,Chiranjit,Sichman,Development
250685,Mohammad,Remmers,Development
250687,Kensyu,Decleir,Sales
250845,Takahira,Turnbull,Development
250851,Zongyan,Qiwen,Development
250854,LiMin,Luders,Development
250886,Kagan,Busillo,Sales
250971,Sarita,Sankaranarayanan,Sales
251004,Kwangjo,Nastansky,Development
251005,Tomokazu,Norsworthy,Development
251079,Munenori,Yamaashi,Development
251085,Ronnie,Vecchio,Development
251092,Adas,Chenney,Development
251100,Youssef,Itzigehl,Sales
251103,Leif,Hofmeyr,Development
250714,Boaz,Conte,Development
250790,Saeko,Veccia,Sales
251130,Makato,Duclos,Development
251149,Uli,Serra,Development
251154,Zdislav,Picel,Development
251182,Goh,Dulli,Sales
250799,Badri,Homond,Sales
250805,Murthy,Vasanthakumar,Development
250825,Christophe,Perfilyeva,Sales
251237,Cedric,Miara,Sales
251272,Akeel,Heuser,Development
251261,Suzette,McAffer,Sales
251262,Kensei,Conry,Development
251268,Gor,Morrey,Sales
251318,Pragnesh,Fendler,Development
251419,True,Frolund,Development
251367,Werner,Kabayashi,Development
251451,Adly,VanScheik,Development
251456,Tua,Raney,Sales
251464,Junichi,Talmon,Sales
251470,Sadegh,Mungall,Development
251384,Sreekrishna,Cmelik,Sales
251474,Anwar,Kolvik,Development
251478,Kamakshi,Maquelin,Development
251404,Ipke,Schapire,Sales
251510,Margareta,Junet,Development
251565,Gill,Vuskovic,Sales
251524,Gully,Undy,Development
251541,Jessie,Leivant,Development
251591,Shahar,Pietrzykowski,Development
251608,Ult,Baby,Development
251720,Tadanori,Birke,Development
251618,Piyawadee,Chachaty,Development
251683,Maris,Klassen,Development
251739,Zhiguo,Lichtner,Development
251767,Pranjal,Borovoy,Development
251798,Urs,Oxenboll,Sales
251806,Zhiguo,Chorvat,Development
251812,Doohun,Suomi,Sales
251685,Conal,McConalogue,Development
251826,Shimshon,Ghalwash,Development
252004,Kazuhisa,Pettey,Development
251839,Nahum,Munoz,Development
251851,Yongmin,Munawer,Development
251862,Kauko,Molenaar,Development
252016,Hatim,Czaja,Sales
251877,Bojan,Danecki,Development
251883,Trygve,Barreiro,Sales
252021,Hatim,Lammel,Development
252044,Yurii,Syang,Development
251903,Fabrizio,Menhoudj,Development
252058,Fusako,Shiratori,Sales
251921,Fusako,Mellouli,Development
252070,Valeska,Katalagarianos,Development
251947,Jouko,Pluym,Development
252104,Tommaso,Reutenauer,Development
251959,Djelloul,Masand,Development
251961,Lidong,Huxford,Development
251963,Larisa,Tasistro,Development
251971,Harjit,Demke,Development
252284,Juichirou,Koyama,Development
252138,Kiyotoshi,Zaiane,Development
252159,Collette,Shobatake,Development
252312,Gonzalo,Simmel,Development
252166,Maja,Avouris,Development
252313,Zijian,Ellozy,Sales
252317,Murthy,Erie,Sales
252199,Ute,Cannard,Sales
252368,Chenyi,Rabehasaina,Sales
252221,Ortrun,Camarinopoulos,Development
252230,Nitsan,Kusalik,Development
252235,Spyrose,Litzkow,Development
252407,Shih,Ritzmann,Development
252260,Clyde,Munos,Development
252580,Kensyu,Stamatiou,Development
252419,Akemi,Bhattacharjee,Development
252463,Remmert,Lanteri,Development
252603,Bartek,Shrader,Development
252477,Khedija,Jahnichen,Sales
252479,Aleksander,Tasistro,Development
252482,Zito,Billingsley,Development
252653,Sreenivas,Maraist,Development
252496,Alagu,Polajnar,Development
252497,Urs,Parascandalo,Development
252507,Rimli,DiGiano,Sales
252510,Bedir,Akazan,Development
252862,Shahab,Schicker,Sales
252543,Sachem,Boguraev,Development
252696,Mart,Luft,Development
252701,Bernice,Penttonen,Development
252703,Barna,Beausoleil,Sales
252924,Kazuhisa,Bazzichi,Sales
252749,Akhilish,Yeung,Sales
252763,Felicidad,Aamodt,Development
252927,Vitaly,Veeraraghavan,Sales
252970,Mario,Herber,Development
252808,Steen,Leaver,Development
252971,Leon,Pluym,Sales
253126,Alejandro,Birta,Sales
253174,Hidekazu,Henders,Sales
252985,Giordano,Ramsak,Sales
252989,Stella,Wegerle,Development
252997,Mamdouh,Reutenauer,Development
253003,Yannik,Lambe,Development
253184,Mokhtar,Riexinger,Sales
253190,Rosli,Kuszyk,Development
253191,Ottavia,Jahnichen,Sales
253217,Subhash,Honiden,Sales
253047,Hausi,Manders,Development
253066,Faiza,Kugler,Development
253234,Utz,Fioravanti,Development
253249,Breannda,Tiemann,Sales
253094,Hugh,Syrotiuk,Sales
253266,Perry,Luft,Sales
253100,Arunachalam,Lindqvist,Development
253272,Amalendu,Uehara,Sales
253294,DeForest,Cherinka,Development
253410,Teruyuki,Polupanov,Development
253415,Tran,Schwaller,Development
253417,Irene,Kalorkoti,Sales
253325,Kristine,Ushiama,Development
253448,Luigi,Hettesheimer,Development
253457,Terresa,Stasinski,Development
253462,Menkae,Sooriamurthi,Development
253465,Rayond,Munke,Sales
253469,Rafail,Zeleznik,Development
253472,Gianluca,Kusakabe,Sales
253492,Serge,Carrere,Development
253501,Xinan,Gladwell,Development
253509,Karsten,Kaminger,Sales
253580,Duri,Suessmith,Development
253340,Val,Broder,Development
253625,Leif,Pavlopoulou,Sales
253346,Parviz,Hedayat,Development
253632,Pohua,Bresenham,Sales
253634,Sakthirel,Bellone,Development
253636,Yucel,Itschner,Sales
253354,Takahito,Hofman,Sales
253359,Gadiel,Terwilliger,Development
253648,Tesuya,Millington,Sales
253650,Remzi,Loncour,Development
253402,Guther,Pavlopoulou,Development
253657,Mrinalini,Selvestrel,Development
253670,Sachin,Conte,Sales
253683,Shaunak,Egerstedt,Sales
253832,Jixiang,Foong,Development
253697,Zeydy,Nitto,Development
253847,Xiaobin,Suermann,Development
253848,Seongbae,Einsfeld,Sales
253727,Fayez,Pargas,Development
253851,Piyush,Smailagic,Sales
253733,Jiang,Rissland,Sales
253866,Reinhard,Reinhart,Development
253914,Syozo,DeMori,Development
253758,Jouni,Calkin,Development
253785,Eckart,Smailagic,Sales
253805,Malu,Fargier,Development
253917,Sachin,Gaughan,Development
253930,KayLiang,Moffat,Development
253820,Jeong,Conry,Development
253823,Gaurav,Casley,Development
254117,Leen,Andreotta,Development
254003,Alenka,Haumacher,Sales
254016,Danel,Bierman,Development
254203,Rutger,Milicic,Sales
254024,Richard,Ernst,Sales
254053,Heeju,Benantar,Development
254065,Kazunori,Azadmanesh,Development
254069,Uli,Nishimukai,Development
254079,Iara,Iacovou,Development
254084,Visit,Fiebach,Development
254097,Seongbae,Ibel,Development
254206,Tamiya,Asmuth,Sales
254212,Mayuri,Leijenhorst,Development
254223,Geraldo,Vieth,Sales
254236,Ung,Zastre,Development
254241,Anneli,Wursthorn,Development
254247,Van,Furudate,Sales
254408,Kiyokazu,Pleszkun,Sales
254292,Pranas,Eppinger,Sales
254293,Stein,Pardalos,Development
254294,Shridhar,Benzaken,Development
254409,Dante,Gide,Development
254417,Yurii,Selvestrel,Sales
254454,Uinam,Ponthieu,Sales
254347,Zine,Schwaller,Development
254354,Martins,Angiulli,Development
254370,Khedija,Schwartzburd,Sales
254456,Sanjoy,Openshaw,Development
254459,Mart,Gadepally,Development
254460,Duke,Poujol,Sales
254464,Kazuhito,Matteis,Sales
254467,Shounak,Honiden,Development
254499,Hisao,Buescher,Development
254516,Aram,Cannata,Development
254552,Geoffry,Doering,Development
254699,Zsolt,Zumaque,Development
254625,Stevo,Shrader,Development
254706,Sedat,Detkin,Sales
254767,Khosrow,Merro,Development
254789,Mechthild,Kropp,Sales
254823,Serif,Streit,Sales
254798,Takanari,Famili,Sales
254851,Huiqun,Randi,Development
254814,Tsz,Worfolk,Development
254861,Alejandro,Yamaashi,Development
254868,Mohammad,Bakhtari,Development
254985,Maha,Casperson,Development
254882,Arunas,Bondorf,Sales
254902,Etsuo,Sifakis,Development
254906,Jessie,Baalen,Development
254907,Zhensheng,Boyle,Sales
255004,Selwyn,Coorg,Development
254925,Sukumar,Kobara,Sales
255007,Vesna,Radhakrishnan,Development
255010,Taiji,Denis,Development
254950,Sachar,Moffat,Development
255011,Howell,Gips,Development
255044,Kwee,Conry,Sales
254957,Val,Lores,Development
254965,Ramya,England,Development
255053,Urs,Bolsens,Development
255057,Ramya,Angel,Development
255059,Tse,Kawashima,Development
255308,Francesca,Gronowski,Sales
255143,Jessie,Bierman,Sales
255144,Pranjal,Perelgut,Development
255151,Rasiah,Reghbati,Sales
255157,Saeed,Zlotek,Development
255168,Ziva,Ananiadou,Sales
255247,Taisook,Seghrouchni,Sales
255248,Rosita,Pellegrinelli,Development
255318,Uma,Thimonier,Sales
255357,Siddarth,Clouatre,Sales
255397,Augustine,Guenter,Development
255403,Yuqun,Goldhammer,Sales
255407,Brewster,Strehl,Development
255424,Vishwani,Jenevein,Development
255361,Aamer,Spell,Development
255556,Hironoby,Kavanagh,Development
255456,Aleksandar,Tibblin,Sales
255464,Visit,Kragelund,Development
255499,Dannz,Engelmann,Sales
255620,Mani,Tiemann,Sales
255517,Niranjan,Schade,Sales
255679,Lansing,Garnick,Sales
255828,Akemi,Kilgore,Development
255717,Hein,Walstra,Sales
255768,Yuuichi,Plavsic,Sales
255834,Brendon,Biros,Development
255773,Ingemar,Emden,Sales
255778,Manton,Rodier,Development
255836,Pranjal,Nollmann,Development
255837,Shigeo,Neimat,Development
255858,Monique,Marzano,Sales
255795,Sashi,Godskesen,Development
255961,Harngdar,Kopetz,Sales
255962,Selwyn,Malabarba,Development
255971,Xianlong,Beilner,Sales
255989,Srinidhi,Couchot,Development
255997,Ugo,Cincotta,Development
256028,Barna,Mandell,Development
256057,Shem,Khamsi,Sales
256061,Shiv,Karner,Sales
256099,Kersti,Alencar,Development
255893,Jordanka,Showalter,Development
256113,Snehasis,Vecchio,Development
255902,Elvia,Businaro,Development
256149,Tonia,Hiltgen,Sales
255908,Ashish,Farris,Development
256167,Mahendra,Kenevan,Development
256172,Arvin,Arlazarov,Development
255928,Tiina,Czaja,Development
256175,Hidefumi,Tokunaga,Development
255934,Mantis,Fabrizio,Sales
255943,Gao,Cummings,Development
256394,Takahiro,Tagansky,Development
256235,Oguz,Halevi,Sales
256241,Brigham,Uludag,Sales
256403,Tua,Mattern,Development
256277,Khaled,Genther,Sales
256408,Ortrud,Pollacia,Development
256440,Jenwei,Merey,Development
256300,Toshiko,Garnier,Development
256320,Visit,Erva,Development
256461,Khedija,Muniz,Sales
256341,Parke,Candan,Sales
256466,Constantine,Brodie,Sales
256480,Demos,Ghemri,Development
256521,Bangqing,Kampfer,Sales
256682,Troy,Imataki,Development
256544,Nirmal,Gide,Development
256551,Jaewoo,Peroz,Development
256701,Chikako,Veevers,Development
256583,Fatemeh,Servi,Development
256707,Breannda,Bain,Sales
256728,Sajjan,Huxford,Sales
256626,Yurii,Fortenbacher,Development
256629,Toong,Jiang,Development
256632,Qunsheng,Vingron,Development
256740,Marsal,Vanwelkenhuysen,Development
256636,Mayuri,Hoppenstand,Development
256637,Udi,Madeira,Sales
256743,King,Bhattacharjee,Development
256648,Muzhong,Binkley,Sales
256751,Boutros,Morris,Development
256657,Terresa,Baumann,Sales
256661,Moriyoshi,Talmor,Development
256664,Alejandra,Poupard,Sales
256769,Shiv,Barbanera,Sales
256772,Hiroyasu,Malinowski,Sales
256792,Kerryn,Merli,Sales
256956,Golgen,Unno,Development
256834,Guozhong,Eickenmeyer,Development
256835,Ranga,Hofstetter,Development
256852,Shir,Tanemo,Sales
256858,Fuqing,Strooper,Development
256961,Aksel,Farrar,Development
256969,Kazuhisa,Keohane,Development
256993,Martijn,Laurillard,Development
256916,Suebskul,Anido,Development
256920,Martial,Salinas,Development
257017,Margo,Rousseau,Development
257051,Remzi,Norsworthy,Sales
257097,Sudharsan,Zielinski,Development
257078,Boaz,Siepmann,Development
257127,Itzchak,Camarinopoulos,Development
257086,Xiaocheng,Ghalwash,Development
257262,Geraldo,Cusworth,Development
257154,Kazuhiro,Vrecion,Sales
257189,Arlette,Tischendorf,Development
257300,Nimmagadda,Taubenfeld,Sales
257205,Menkae,Heydon,Sales
257302,Breannda,Steinauer,Sales
257235,Serap,Suomi,Development
257311,Bernardo,Cooke,Sales
257322,Kotesh,Veldwijk,Development
257357,Lidong,Gomatam,Development
257401,Steve,Scallan,Development
257409,Yuuichi,Sanella,Development
257416,Elvis,Jullig,Development
257360,Honglan,Otillio,Sales
257369,Prasadram,Nannarelli,Development
257432,Honglan,Birjandi,Development
257435,Bangqing,Krybus,Sales
257436,Arlette,Dahlbom,Sales
257533,Suebskul,Brookner,Development
257455,Maris,Dratva,Sales
257537,Souichi,Segond,Development
257617,Hideyuki,Markovitch,Development
257505,Eran,Conta,Sales
257517,Salvador,Speckmann,Development
257665,Keiichiro,Gide,Sales
257630,Jongsuk,Neiman,Sales
257685,Siamak,Szilard,Development
257640,Reinhard,Klyachko,Development
257699,Gad,Zykh,Development
257659,Danae,Kadhim,Sales
257705,Takushi,Jumpertz,Sales
257860,Shahar,Gill,Development
257798,Alselm,Samarati,Development
257802,Josyula,Vieri,Development
257915,Subir,Noriega,Sales
257953,Kwangyoen,Alencar,Sales
257982,Saeed,Zaccaria,Development
258096,Shirish,Mitchem,Sales
257993,Ronnie,Azulay,Development
258003,Abdelghani,Rubsam,Sales
258009,Renee,Flanders,Development
258010,Boaz,Birch,Development
258100,Pranas,Manderick,Development
258140,Boutros,Georgakopoulos,Development
258061,Elvis,Kakkar,Development
258071,Herbert,Jording,Development
258084,Juichirou,Setia,Sales
258159,Ute,Wynblatt,Development
258168,Junsik,Pews,Development
258240,Sushant,Clouatre,Sales
258187,Sanjay,Kitai,Development
258271,Mads,Peck,Development
258273,JoAnna,Maksimenko,Sales
258193,Shaz,Calkin,Development
258197,Saeko,Ranka,Development
258203,Kazuhiro,Skogmar,Development
258214,Sandeepan,Picaronny,Sales
258318,Manibrata,Remmele,Development
258385,Tsz,Vesna,Sales
258386,Oscar,Ozeki,Development
258371,Udi,Ciolek,Sales
258521,Felicidad,Pintelas,Sales
258554,Yonghong,Kossowski,Development
258595,Sadun,Baumann,Sales
258609,Adit,Birge,Development
258621,Arne,Aloia,Development
258624,Dines,Swab,Sales
258627,Maris,Cools,Sales
258629,Filipe,Yeung,Development
258632,Fei,Slaats,Sales
258651,Oscar,Compeau,Development
258657,Denis,Choobineh,Development
258397,Diederik,Khasidashvili,Sales
258399,Kendra,Journel,Development
258660,King,Zastre,Development
258411,Mihalis,Tchuente,Development
258671,Weijing,Delgrossi,Sales
258487,Vidya,Vingron,Sales
258681,Weijing,Brobst,Development
258716,Shawna,Rabehasaina,Sales
258739,Girolamo,Toyoshima,Development
258496,Serap,Zultner,Sales
258507,Nechama,Miculan,Sales
258805,Masaru,Gulak,Development
258786,Huiqun,Birsak,Development
258796,Badri,Hofstetter,Sales
258810,Ziva,Sabnani,Sales
258827,Zhiguo,Pusterhofer,Sales
258850,Werner,Heuter,Sales
258944,Froduald,Hatcliff,Development
258955,Serenella,Pollock,Sales
258968,Gil,Pokrovskii,Sales
258969,Jungsoon,Brandsma,Development
258861,Sigeru,Aamodt,Development
258973,Dulce,Zultner,Development
258863,Elvia,Baig,Development
258865,Marlo,Dichev,Development
258992,Izaskun,Marakhovsky,Sales
258869,Valeska,Billawala,Development
259002,Karlis,Cummings,Sales
258901,King,Keirsey,Development
259019,Paris,Bahl,Development
259021,Maris,Redmiles,Sales
259041,Christoper,Feldhoffer,Development
258924,Heekeun,Stiles,Development
259069,Shirish,Rodite,Development
258927,Fumiya,Kragelund,Sales
258933,Danae,Karlin,Development
258935,Moriyoshi,Harllee,Development
259241,Becky,Setiz,Sales
259085,Douadi,Puppe,Sales
259096,Yonghoan,Pavlopoulou,Development
259102,Jiong,Nitta,Development
259103,Shir,Valiente,Sales
259104,Masali,Ponthieu,Sales
259116,Eckart,Lunt,Sales
259248,Chuanyi,Hertweck,Development
259259,Douadi,Gist,Sales
259140,Anyuan,Samarati,Sales
259150,Kiyomitsu,Majewski,Sales
259277,Sarita,Jansch,Development
259160,Marsha,Badr,Sales
259166,Masadi,Krone,Development
259311,Menkae,Hofstetter,Sales
259182,Kellyn,Ozeki,Development
259194,Sandeepan,Merli,Sales
259202,Bodh,Moehrke,Development
259313,Masadi,Aingworth,Sales
259326,Sachar,Perly,Sales
259342,Serenella,Seghrouchni,Development
259512,Jinxi,Arlazarov,Development
259382,Gurbir,Ushiama,Development
259391,Gadiel,Fiebach,Development
259405,Yurij,Brookner,Development
259410,Yechezkel,Waleschkowski,Development
259414,Lena,Daescu,Sales
259424,Barun,Dayana,Sales
259431,Mitchel,Gluchowski,Development
259517,Tremaine,Miyakawa,Development
259440,Subir,Shumilov,Development
259536,Siamak,Verhoeff,Development
259443,Yongmin,Ramsay,Sales
259467,Marit,Majewski,Sales
259542,Heekeun,Quaggetto,Sales
259551,Arup,Coorg,Development
259609,Kristian,Prochazka,Sales
259501,Udi,Zultner,Development
259660,Kristinn,Melter,Sales
259613,Ulf,Vesel,Development
259663,Masaki,Casley,Development
259803,Kensyu,Zielinski,Sales
259679,Jiong,Ishibashi,Development
259707,Rosella,Perin,Development
259716,Remzi,Kolinko,Sales
259722,Candida,Vendrig,Development
259731,Masaki,Flasterstein,Sales
259841,Pascal,Beausoleil,Development
259856,Yuriy,Camurati,Development
259859,Miomir,Hooghiemstra,Sales
259863,Jovan,Siegrist,Sales
259898,Lakshmi,Angel,Development
259900,Taiji,Sanella,Sales
259949,Marc,Veeraraghavan,Development
259916,Tzu,Demri,Development
259951,Shir,Beerel,Development
259958,Vatsa,DeMori,Development
259960,Danae,Thambidurai,Development
259917,Isaac,Marletta,Development
260082,Gina,Swan,Sales
260000,Sudhanshu,Kalefeld,Development
260011,Rosalie,Falck,Sales
260101,Dhritiman,Ghazalie,Sales
260037,Naraig,Prochazka,Development
260126,Spyrose,Worfolk,Development
260144,Fun,Baja,Sales
260145,Lihong,Rajcani,Sales
260169,Lokesh,Codenie,Development
260193,Maya,Rassart,Development
260206,Pranjal,Waterhouse,Development
260273,Lillian,McAlpine,Development
260378,Taisook,Basagni,Development
260305,Jiong,Gill,Development
260322,Arlette,Lamparter,Development
260331,Niteen,Matteis,Sales
260344,Sugwoo,Marchesini,Development
260415,Lobel,Broder,Development
260359,Kensyu,Furudate,Development
260417,Wuxu,Trachtenberg,Development
260418,Alejandro,Pezzoli,Development
260420,Yurii,Senzako,Sales
260507,Foong,Lueh,Development
260423,Debaprosad,Papadias,Development
260427,Munehiro,Jervis,Development
260516,Hidekazu,Byoun,Development
260441,Ennio,Gruenwald,Development
260529,Nechama,Hofstetter,Development
260541,Ute,Scharstein,Sales
260550,Ebru,Birjandi,Development
260551,Alper,Murtha,Development
260612,Roded,Conte,Sales
260667,Akemi,Weedon,Development
260690,Kristin,Tibblin,Development
260693,Oksana,Mungall,Development
260700,Eishiro,Taubenfeld,Sales
260727,Nalini,Billawala,Sales
260502,Danco,Jeong,Sales
260764,Honesty,Kalefeld,Development
260781,Bangqing,Walstra,Development
260949,Sudharsan,Oberman,Sales
260790,Niteen,Perfilyeva,Development
260834,Khoa,Tomescu,Development
260981,Reuven,Ermel,Sales
260992,Dietrich,Etalle,Development
260889,Mona,Streng,Development
260994,Kazuhide,Schonegge,Development
261007,Yakkov,Jayawardene,Sales
260895,Prasadram,Templeman,Sales
261010,Fei,Nourani,Development
261053,Uwe,Honglei,Sales
260911,Tru,Vecchio,Development
260920,Irena,Highland,Sales
261070,King,Zuberek,Development
261226,Zhaofang,Baby,Sales
261075,Chandrasekaran,Esposito,Sales
261245,Shahab,Schusler,Development
261102,Chaoyi,Speckmann,Sales
261109,Bogdan,Quadeer,Development
261249,Gift,Negoita,Development
261274,Mads,Serra,Development
261127,Tremaine,Pena,Sales
261135,Chriss,Noriega,Development
261136,Vishv,Joslin,Sales
261279,Ghassan,Sgarro,Sales
261298,Ottavia,Ventosa,Development
261321,Aram,Eldridge,Sales
261172,Katsuyuki,Luit,Sales
261337,Deniz,Leslie,Sales
261365,Feiyu,Asmuth,Sales
261194,Nimmagadda,Nitta,Development
261196,Maya,Kitsuregawa,Development
261385,Roddy,Angel,Development
261409,Chiradeep,Cairo,Sales
261446,Erzsebet,Ligten,Sales
261510,Takahito,Ohori,Development
261526,Fumiyo,Munro,Sales
261527,Arunachalam,Butner,Development
261451,Randi,Gide,Sales
261458,Eberhardt,Swiss,Development
261468,Radoslaw,Covnot,Development
261548,Gita,Karunanithi,Sales
261644,Stafford,Codenie,Development
261569,Thodoros,Albarhamtoshy,Sales
261686,Kenton,Perin,Development
261607,Billur,Gunderson,Development
261695,Giri,Acton,Development
261700,Mamdouh,Gronowski,Development
261702,Goa,Kaltofen,Development
261729,Oldrich,Mawatari,Development
261635,Amalendu,Ruther,Development
261754,Tzvetan,Bala,Development
261764,Kenton,Viele,Development
261960,Xinyu,Mahnke,Development
261801,Van,Kinley,Sales
261805,Akeel,Veeraraghavan,Development
261815,Makato,Zaumen,Development
261817,Guadalupe,Kowalchuk,Development
261826,Martins,Ulupinar,Development
261962,Boutros,Ramaiah,Development
262047,Aksel,Thibadeau,Development
261846,Phuoc,Farris,Development
261849,Alselm,Makinen,Development
261856,Domenico,Gente,Sales
261862,Demin,Penn,Development
261866,Michaela,Juneja,Development
261874,Elrique,Mandelberg,Sales
262051,Martien,Cummings,Development
262053,Hailing,Colorni,Development
261894,Nechama,Versino,Sales
262057,Dinah,Bojadziev,Sales
262168,Youjian,Pews,Sales
262216,Ennio,Auria,Sales
262178,Stein,Dalphin,Development
262184,Trygve,Farrel,Development
262362,Arnd,Birge,Development
262260,Ishfaq,Lund,Development
262271,Martina,Maliniak,Development
262368,Shir,Masamoto,Sales
262373,Sahrah,Koblitz,Development
262392,Teiji,Majewski,Development
262296,Harngdar,Rindone,Development
262428,Changho,Gerlach,Sales
262319,Mooi,Barreiro,Development
262323,Sugwoo,Rodiger,Development
262451,Baoqiu,Pokrovskii,Development
262333,Fayez,Haumacher,Development
262457,Stein,Collavizza,Development
262340,Zengping,Deverell,Sales
262485,Tsvetan,Danecki,Development
262348,Aksel,Frezza,Sales
262645,Martins,Ranum,Sales
262663,Fumino,Riexinger,Sales
262506,Masamitsu,Fordan,Sales
262511,Fatemeh,Jansen,Development
262673,Kazuhira,Wixon,Development
262677,Eishiro,Zumaque,Sales
262679,Sahrah,Gyimothy,Development
262725,Miyeon,Schiettecatte,Development
262550,Masako,Baranowski,Sales
262557,Rosalie,Barriga,Sales
262736,Maris,Waschkowski,Development
262755,Arunachalam,Collette,Development
262572,Xiaobin,Srimani,Sales
262766,Hauke,Meszaros,Sales
262591,Vivian,Ramalingam,Sales
262801,Aamer,Krider,Development
262611,Georgy,Nitsche,Development
262635,Marit,Syrzycki,Sales
262814,Vasiliy,Coullard,Development
262866,Poorav,Morrow,Development
262919,Naftali,Gist,Sales
262934,Breannda,Gini,Development
262868,Arnould,Seiwald,Sales
262879,Mostafa,Zedlitz,Development
262882,Hatsukazu,Erdi,Development
263000,Mayuko,Bale,Sales
263002,Ramzi,Bernatsky,Sales
262900,IEEE,Egerstedt,Development
263025,Idoia,Ginneken,Sales
263062,Berto,Piancastelli,Development
263028,Kazuhiko,Homond,Development
263061,Xiaobin,Jenevein,Sales
263209,Howell,Schieder,Development
263219,Hisao,Pokrovskii,Development
263234,Xiaocheng,Rassart,Sales
263235,Elgin,Doering,Development
263243,Amstein,Giveon,Sales
263248,Jeong,Fiebach,Development
263274,Amalendu,Engberts,Development
263070,Subhrajyoti,Raney,Development
263084,Subhrajyoti,Ranai,Development
263111,Arup,Avouris,Development
263305,Arie,Luit,Development
263116,Baziley,Jullig,Development
263122,Hyuckchul,Ranai,Development
263126,Berry,Hinsberger,Sales
263140,Abdulla,Iisaku,Sales
263354,Emdad,Caine,Sales
263142,Masaki,Linares,Sales
263366,Ewing,Bolotov,Development
263143,Berhard,Baca,Development
263374,Arnould,Farrar,Development
263182,Yongmin,Garnham,Development
263510,Deniz,Bolotov,Development
263517,Remko,Strandh,Sales
263525,Reinhard,Baek,Sales
263647,Weidon,Hellwagner,Development
263544,Kazuyasu,Baez,Development
263551,KayLiang,Uhrik,Sales
263569,Barun,Gips,Sales
263713,Abdulla,Bashian,Development
263714,Yagil,Kleiser,Sales
263573,Visit,Anguita,Development
263735,Magdalena,Siksek,Sales
263587,Suzette,Heydon,Development
263738,Kazunori,Bressoud,Development
263590,Jinpo,Erev,Development
263599,Fen,VanScheik,Sales
263947,Siamak,Markovitch,Development
263777,Janche,Oppitz,Development
263790,Hauke,Christ,Development
263822,Seongbin,Ananiadou,Development
263824,Yolla,Constantine,Development
263829,Jagoda,Ohori,Development
263956,Shaowen,Schmiedel,Development
263868,Chinhyun,Koprowski,Sales
263985,Tiina,Stifter,Sales
263879,Tianruo,Carrere,Development
263887,Pranas,Chinen,Development
263892,Elzbieta,Dymetman,Sales
263997,Gita,Begiun,Development
263913,Sampalli,Berstel,Sales
264013,Baziley,Stifter,Sales
264018,Djenana,Lorcy,Sales
264081,Sadok,Feldmann,Development
264086,Aris,Deverell,Sales
264019,Ulises,Barreiro,Sales
264096,Serenella,Valiente,Development
264098,Sverrir,Rohrbach,Development
264099,Toshimitsu,Rettelbach,Development
264200,Almudena,Koblick,Development
264125,Arnould,Thibadeau,Sales
264128,Guangming,Suomi,Sales
264138,Mara,Garrabrants,Sales
264144,Saeed,Cronin,Sales
264151,Heather,Worfolk,Sales
264174,Jianwen,Brizzi,Development
264193,Gererd,Desikan,Sales
264201,Karlis,Mahmud,Development
264198,Richard,Siprelle,Development
264212,Salvador,Lagarias,Development
264234,Rayond,Benzaken,Development
264354,Sreekrishna,Lamparter,Sales
264356,Niteen,McAlpine,Development
264236,Sadun,Papsdorf,Development
264247,Herbert,Rotem,Development
264280,Mohua,Lienhardt,Development
264390,Abdelghani,Waeselynck,Sales
264281,Heather,Halloran,Development
264292,Boguslaw,Frolund,Development
264428,JiYoung,McFarlin,Development
264311,Christoper,Muniz,Development
264446,Katsuo,Kroha,Development
264327,Kristen,Speer,Development
264338,Luerbio,Garigliano,Development
264638,Kolar,Melter,Sales
264494,Yolla,Itzfeldt,Sales
264495,Manibrata,Cyre,Development
264647,Yannik,Rothenberg,Development
264507,Barna,Brender,Development
264649,Kwee,Benantar,Sales
264513,Kazuhira,Kugler,Development
264662,Zhonghui,Yetim,Development
264667,Uwe,Mitsuhashi,Sales
264680,Zissis,Businaro,Sales
264689,Sangeeta,Rajcani,Development
264717,Adel,McConalogue,Development
264559,Kiyotoshi,Mundy,Development
264731,Hitofumi,Kriebel,Development
264580,Valeri,Rosis,Development
264748,Qiwen,Penttonen,Sales
264800,Ymte,Collavizza,Sales
264802,Bluma,Kroll,Development
264860,Menkae,Munos,Development
264929,Yuichiro,Esteva,Sales
264945,Baoqiu,Salinas,Development
264884,Berto,Lambe,Development
264951,Jagoda,Brobst,Sales
264955,Souichi,Muniz,Sales
264898,Michaela,Ranum,Development
264968,Collette,Farrel,Development
265157,Narain,Aamodt,Sales
264996,Gian,Avouris,Development
265021,Demos,Escriba,Development
265022,Ayakannu,Erni,Development
265339,Lijie,Camurati,Development
265201,Lakshmi,Walstra,Development
265203,Debatosh,Sudkamp,Sales
265342,Tadahiro,Iivonen,Development
265377,Vasilii,Merle,Sales
265249,Jacqueline,Levergood,Development
265268,Yoshinari,Lally,Sales
265429,Hatem,Juneja,Development
265276,Toshiki,Back,Development
265286,Inderjeet,Mahmud,Sales
265293,Herbert,Hempstead,Sales
265435,Aleksander,Garnham,Sales
265332,Xiaoqiang,Szemeredi,Development
265626,Alagu,Pagter,Sales
265635,Djelloul,Marakhovsky,Sales
265489,Mitchel,Koprowski,Development
265674,Xinglin,Sherertz,Development
265501,Paraskevi,Cromarty,Sales
265523,Koldo,Daescu,Sales
265675,Sachin,Chiola,Development
265527,Olivera,Hiraishi,Development
265544,Pasqua,Rosiles,Sales
265550,Fun,Bottner,Sales
265584,Jayson,Vuskovic,Sales
265595,Tooru,Levergood,Sales
265681,Marsal,Atrawala,Sales
265687,Shuky,Ranta,Development
265720,Yucai,Otillio,Sales
265733,Adly,Pelc,Sales
265762,George,Murrill,Development
265903,Abdelkader,Angelov,Sales
265813,Elliott,Businaro,Sales
265916,Hausi,Bratsberg,Development
265936,Fun,Kawashimo,Sales
265948,Weiru,Budinsky,Sales
265855,Mandell,Simmel,Development
265977,Lene,Tischendorf,Development
265870,Zongyan,Lamba,Sales
265872,Reuven,Alblas,Development
265979,Guoxiang,Sevcikova,Sales
266012,Satosi,Vieri,Sales
266017,Gift,Spelt,Sales
266018,Masanao,Cools,Development
266024,Shooichi,Nergos,Development
266038,Bodh,Chinin,Development
266199,Goetz,Ferriere,Development
266049,Odysseas,Delaune,Sales
266053,Mario,Szilard,Development
266238,Sachar,Weedon,Sales
266075,Makato,Lovengreen,Development
266079,Adil,Ghemri,Development
266080,Mari,Maraist,Development
266082,Randi,Cichocki,Development
266089,Arno,Ranum,Development
266243,Lech,Borovoy,Sales
266261,Guenter,Luon,Sales
266114,Arvind,Marletta,Development
266315,Taisook,Boguraev,Sales
266142,Marco,Bernini,Development
266147,Lalit,Krichel,Sales
266159,Navid,Uludag,Development
266173,Arie,Cannane,Sales
266333,Moss,Oppitz,Sales
266177,Marke,Weedon,Development
266185,Kazuhiro,Perl,Sales
266377,Fumitaka,Ranon,Development
266487,Unal,Boyle,Development
266389,Armond,Pauthner,Sales
266399,Breannda,Rubsam,Development
266500,Hidekazu,Brickell,Sales
266467,Miquel,Tiemann,Development
266542,Shim,Bail,Sales
266547,Kasturi,Stassinopoulos,Development
266550,Yuriy,Rouquie,Sales
266471,Quingbo,Birke,Sales
266615,Monique,Menhardt,Sales
266643,Tonia,Basawa,Development
266647,Domenick,Moffat,Sales
266673,Stevo,Schade,Development
266607,Tran,Hopewell,Development
266708,Nahid,Ariola,Development
266766,Stein,Solares,Development
266709,Moie,Potthoff,Development
266729,Nahid,Bellone,Development
266773,Qingxiang,Veeraraghavan,Development
266731,Hugo,Khamsi,Development
266904,Shalesh,Jeong,Development
266828,Lobel,Curless,Sales
266922,Koldo,Erde,Sales
266847,Noritoshi,Servieres,Sales
266853,Hironobu,Piancastelli,Development
266934,Guadalupe,Pavlopoulou,Development
266939,Chinhyun,Zobel,Development
266959,Valery,Thiran,Development
266974,Rafael,Bellone,Development
267032,Mani,Back,Development
267046,Saeed,Kushner,Development
267094,Ymte,Kaelbling,Sales
267198,Przemyslawa,Casperson,Sales
267104,Ronghao,Marciano,Development
267109,Mohua,Kaminger,Sales
267124,Kwangsub,Bauknecht,Sales
267132,Subir,Gire,Development
267244,Sadegh,Reistad,Development
267148,Fayez,Coors,Development
267170,Tzu,Cheshire,Sales
267246,Leif,Valiente,Development
267257,Somnath,Sidhu,Sales
267178,Licheng,Sinicrope,Development
267274,Munehiko,Kornyak,Sales
267282,Guttorm,Szmurlo,Development
267295,Guiseppe,Fujisaki,Sales
267328,Marsja,Luders,Sales
267299,Ennio,Bisiani,Development
267300,Ugo,Panienski,Development
267467,Billur,Ramsak,Sales
267344,Otmar,Ghemri,Sales
267356,JoAnne,Sury,Development
267480,Xiaoqiu,Koshiba,Development
267375,Koichi,Birdsall,Sales
267376,Randi,Peck,Development
267387,Mohammad,Ghemri,Development
267527,Serenella,Comte,Development
267393,Hironobu,Makinen,Sales
267411,Gio,Aloia,Development
267535,Mototsugu,Maierhofer,Development
267452,Hitofumi,Goldhammer,Development
267544,Ingmar,Honglei,Development
267556,Gita,Molenaar,Development
267575,Lalit,Falster,Development
267599,Youjian,Niizuma,Development
267750,Sahrah,Suppi,Development
267781,Nathan,Bade,Sales
267796,Moie,Coors,Development
267702,Gritta,Tzvieli,Sales
267703,Shushma,Versino,Development
267706,Miomir,Rusterholz,Sales
267707,Tze,Giveon,Development
267807,Weiye,Harnett,Sales
267722,Baruch,Cangellaris,Sales
267840,Jianhui,Benzaken,Development
267854,Remko,Meszaros,Sales
267870,Genevieve,Silva,Sales
267891,Rafail,Rajala,Development
267923,Valter,Karnin,Sales
267932,Paraskevi,Zaiane,Sales
268054,Tonia,Demos,Development
267945,Along,Remmele,Development
267946,Candida,Nyanchama,Sales
268056,Lucian,Speek,Development
268108,Yonghong,Nitsche,Development
268009,Yolla,Quadeer,Development
268012,Rafail,Fasbender,Development
268014,Hitomi,Rosca,Development
268015,Rajmohan,Waterhouse,Development
268138,Changho,Miara,Sales
268180,Alois,Baca,Development
268339,Sigeru,Jonsson,Development
268207,Nigel,Baalen,Sales
268211,Sverrir,Jansch,Sales
268294,Weiye,Ressouche,Development
268312,Tsvetan,Kaiser,Development
268313,Arlette,Showalter,Sales
268468,Seongbin,Ranze,Development
268355,Gregory,Petereit,Sales
268386,Jiong,Bardell,Development
268405,Keiichiro,Penz,Development
268430,Erez,Avouris,Development
268436,Phuoc,Onuegbe,Development
268620,Leszek,Kossowski,Sales
268530,Aria,Mayerwieser,Development
268633,Kshitij,Litecky,Development
268656,Gaetan,Copas,Sales
268580,Lucien,Matzov,Development
268661,Mohammad,Zaccaria,Sales
268665,Hyuckchul,Panwar,Development
268698,Hercules,Streng,Development
268728,Jouni,Kuszyk,Development
268740,Fumiya,Zhang,Development
268778,Guadalupe,Akazan,Development
268887,Krister,Calkin,Development
268901,Zengping,Segond,Development
268922,Eishiro,Bonifati,Sales
268848,Lene,Vandervoorde,Development
268968,Van,Wilharm,Development
268859,Sailaja,Sridhar,Development
268863,Sanjeeva,Pleszkun,Development
268880,Mary,Strooper,Sales
268885,Gila,Portugali,Sales
268969,Lein,Kermarrec,Sales
268981,Miomir,Schusler,Sales
269030,Aruna,Masada,Sales
268992,Basil,Genther,Sales
269041,Yahiko,Picaronny,Development
269008,Ranga,Emmart,Sales
269066,Brigham,Plavsic,Development
269022,Masoud,Gunderson,Development
269081,Tiina,Besancenot,Development
269197,Kiyokazu,Undy,Development
269109,Karlis,Goldhammer,Sales
269126,Jaroslava,Rodham,Development
269127,Poorav,Ishibashi,Sales
269201,Houman,Thiran,Sales
269205,Fumitake,Junet,Sales
269216,Weijing,Zweizig,Sales
269157,Leaf,Asrin,Sales
269161,Oksana,Feldmann,Development
269237,Maik,Naudin,Sales
269252,Behnaam,Schwartzbauer,Sales
269316,Bartek,Luby,Development
269268,Khatoun,Steinauer,Sales
269269,Leucio,Buchter,Sales
269270,Manohar,Melton,Sales
269271,Boaz,Zizka,Sales
269279,Aria,Staelin,Development
269359,Branimir,Paludetto,Development
269285,Hsiangchu,Falco,Development
269305,Sergi,Prenel,Development
269381,Hugh,Peak,Development
269385,Fay,Aumann,Development
269309,Hatim,Pelz,Development
269394,Teiji,Noriega,Development
269466,Khalil,Baer,Development
269414,Izaskun,Khalil,Development
269423,Sajjad,Kolinko,Development
269501,Udi,Delaune,Sales
269441,Pradeep,Zschoche,Development
269443,Ute,Schaad,Development
269565,Maik,Rosar,Development
269606,Sadok,Pluym,Development
269616,Yakkov,Apsitis,Development
269627,Howell,Rullman,Development
269592,Kauko,Argence,Development
269641,Ymte,Lamma,Development
269758,Oldrich,Speckmann,Development
269678,Richard,Coney,Development
269697,Candido,Weisert,Sales
269705,Kensyu,Soloway,Sales
269706,Berni,Wissmann,Sales
269775,Kellie,Katzenelson,Development
269715,Ohad,Crelier,Development
269725,Sarita,Ranon,Development
269730,Jordanka,Ranft,Development
269779,Kazuhisa,Syang,Development
269802,Gregory,Tiemann,Sales
269811,Khoa,Jansch,Sales
269893,Tayeb,McAlpine,Sales
269813,Chaitali,Egerstedt,Sales
269817,Shigehito,Savasere,Sales
269834,Wuxu,Erde,Sales
269913,Alain,Jervis,Sales
269918,Stella,Pelc,Sales
269923,Sanjiv,Vadhan,Sales
269924,Francoise,Berstel,Sales
269854,Shih,Gente,Development
269929,Lijia,Clemencon,Sales
269936,Cathie,Bratsberg,Sales
269943,Arve,Couchot,Development
269873,Hidekazu,Danner,Sales
269952,Lijie,Kroha,Development
270039,Minghong,Ecklund,Sales
269985,Mingsen,Kriebel,Sales
269988,Giao,Shimshoni,Development
270006,Selwyn,Bolsens,Development
270044,Maren,Falck,Development
270020,Mahmut,Vendrig,Development
270052,Sanjay,Serna,Development
270058,Oscal,Rodite,Development
270087,Kinh,Ranum,Development
270095,JoAnne,Matzov,Development
270099,Krister,Rosaz,Sales
270130,Kayoko,Ashish,Sales
270142,Xuejun,DuBourdieux,Sales
270151,Christoph,Chiodo,Sales
270259,Christoper,Onuegbe,Development
270154,Perry,Lortz,Development
270322,Dannz,Zastre,Development
270304,Amabile,Ramsak,Development
270371,Moon,Capobianchi,Sales
270409,Yuchang,Merlo,Development
270486,Randy,Schwabacher,Sales
270492,Achilleas,Leonhardt,Development
270510,Claude,Bazelow,Development
270448,Becky,Snedden,Development
270527,Hinrich,Strandh,Sales
270634,Akeel,Vakili,Development
270585,Anneke,Glinert,Development
270737,Xinyu,Marsiglia,Development
270649,Slavian,Baik,Development
270765,Stafford,Flanders,Sales
270695,Marit,Dahlbom,Sales
270784,Piyush,Docker,Development
270795,Domenico,Diderrich,Sales
270810,Gonzalo,Braccini,Sales
270820,Nahid,Pettis,Development
270838,Yurij,Jiang,Sales
270874,Vitaly,Terlouw,Development
270877,Sariel,Iwayama,Sales
270721,Margo,Luby,Sales
270888,Dannz,Rodham,Sales
270898,Arno,Tanemo,Sales
270735,Yucai,Beausoleil,Sales
271039,Cedric,Colorni,Development
270915,Constantino,Taubenfeld,Development
270922,Aram,Rouquie,Development
271050,Takushi,Koblick,Sales
270957,Foong,Oskamp,Development
271053,Bernd,Baby,Development
270970,Jaroslava,Picaronny,Development
271109,Vincent,Bednarek,Development
271008,Masaru,Plotkin,Development
271143,Mizuhito,Farris,Development
271172,Chandrasekaran,Heijenga,Development
271311,Christ,Gargeya,Sales
271179,Jaewoo,Murrill,Sales
271203,Karoline,Poupard,Development
271210,Lokesh,VanScheik,Development
271330,Phillip,Werthner,Development
271232,Ingmar,Demian,Development
271380,LiMin,Dahlbom,Development
271271,Yurii,Seghrouchni,Sales
271284,Jackson,Barvinok,Development
271383,Nishit,Syang,Development
271300,Gilbert,Curless,Sales
271429,Mostafa,Gustavson,Sales
271451,Bluma,Leijenhorst,Sales
271605,Demin,Yemenis,Development
271477,Naftali,Whittlesey,Development
271480,Arumugam,Cooley,Sales
271497,Salvador,Bojadziev,Development
271607,Augustine,Pezzoli,Development
271611,Vitaly,Raczkowsky,Development
271631,Ravishankar,Litecky,Development
271536,Luisa,Henders,Development
271541,Vidya,Cronau,Sales
271545,Temple,Negoita,Sales
271550,Mats,Menhardt,Sales
271644,Pranav,Peroz,Development
271560,Mohan,Papastamatiou,Sales
271679,Shaz,Ladret,Sales
271575,Karoline,Tsunoo,Development
271703,Debatosh,Flowers,Sales
271915,Zhenbing,Anandan,Development
271801,IEEE,Bernardeschi,Development
271803,Tru,Dichev,Sales
271918,Giri,Cronau,Development
271942,Uta,Borstler,Development
271847,Valdiodio,Takanami,Sales
271969,Ranan,Heystek,Development
271976,Mary,Kuhnemann,Sales
271980,Shigenori,Angel,Sales
272009,Deborah,Woycyznski,Development
272032,Ronghao,Zschoche,Development
272188,Vasilii,Luck,Sales
272089,Reuven,Makrucki,Development
272214,Yurij,Alpin,Development
272094,Uli,Mamelak,Sales
272104,Paris,Koshino,Development
272109,Kellyn,Famili,Sales
272118,Shigehiro,Ertl,Development
272119,Akhilish,Businaro,Development
272230,Kwangsub,Peternell,Development
272146,Tommaso,Tramer,Development
272239,Weiwu,Falster,Development
272251,Larisa,Grospietsch,Development
272296,Duro,Bennet,Development
272309,Tadahiro,Waeselynck,Development
272317,Zhiguo,Luga,Sales
272322,Shrikanth,DuCasse,Development
272324,Toshiko,Feinberg,Sales
272486,Anneke,Gide,Development
272344,Mamdouh,Vesna,Sales
272498,Mansur,Keohane,Development
272418,Golgen,Versino,Sales
272520,Shigehito,Gomatam,Development
272438,Tonia,Litecky,Sales
272538,Masoud,Hiroyama,Sales
272541,Arie,Bade,Sales
272543,Feiyu,Karunanithi,Development
272544,Yefim,Malinowski,Sales
272550,Katsuyuki,Cmelik,Development
272577,Mark,Glinert,Development
272625,Hitomi,Roccetti,Sales
272631,Jianhua,Liesche,Development
272637,Remzi,Greibach,Sales
272726,Marsha,Eppinger,Sales
272648,Jungsoon,Belinskaya,Development
272657,Vincent,Rusmann,Development
272727,Adam,Shiratori,Development
272670,Shigeichiro,Schmittgen,Sales
272763,Heekeun,Zambonelli,Development
272685,Emdad,Trachtenberg,Sales
272693,Shichao,Douceur,Development
272704,Noritoshi,Laurillard,Development
272766,Bodh,Kilgore,Development
272712,Utpal,Heering,Development
272781,Kwan,Shinomoto,Development
272816,Gita,Litvinov,Sales
272873,Vitaly,Thibadeau,Development
272897,Gila,Erde,Sales
272832,Nahid,Zizka,Development
272848,Kazuhira,Silva,Sales
272930,Sasan,Hoogerwoord,Sales
272943,Temple,Gewali,Sales
272861,Gonzalo,Angelopoulos,Development
272947,Kirk,Basawa,Sales
272958,Marc,Chepyzhov,Development
273015,Parviz,Blokdijk,Sales
273032,Jongsuk,Miyakawa,Development
273067,Matk,Barinka,Sales
273083,Kazuhito,Vitiello,Development
273177,Shao,Eickenmeyer,Development
273108,Zhiguo,Murtafg,Development
273201,Feipei,Molenkamp,Development
273129,Sumant,Whitcomb,Sales
273225,Jeong,Zolotykh,Development
273234,Moto,Pettis,Development
273138,Mizuhito,Rebaine,Sales
273298,Gennady,Claffy,Development
273255,Neven,Haumacher,Development
273293,Koldo,Gornas,Development
273304,Conrado,Melichar,Development
273326,Aksel,Gulik,Sales
273367,Shalesh,Munawer,Development
273400,Berni,Hegner,Development
273477,Shaowen,Validov,Development
273429,Abdulah,Lovengreen,Development
273532,Sivanarayana,Bonifati,Sales
273547,Mohammed,Melichar,Development
273561,Susanne,McAffer,Development
273563,Shaz,Ohori,Development
273568,Mizuhito,Kilgore,Sales
273721,Kazuhisa,Wegerle,Sales
273596,Wuxu,Schwartzburd,Development
273601,Anwar,Seiwald,Development
273617,Theron,Nyanchama,Sales
273740,Youpyo,Cannata,Sales
273631,Richara,Perfilyeva,Sales
273742,Rildo,Armand,Development
273754,Kristin,Chartres,Sales
273658,Jaana,Lipner,Sales
273771,Sudhanshu,Perri,Development
273778,Maik,Landherr,Sales
273783,Geoffrey,Vesna,Development
273795,Jianhao,Lorho,Development
273718,Padma,Nitto,Development
273798,Katsuo,Gyimothy,Development
273831,Kousuke,Farrar,Sales
274052,Monique,Hempstead,Development
273867,Arch,Leaver,Development
273881,Stamatina,Klerer,Development
273894,Shalesh,Giaccio,Sales
273933,Sreenivas,Parfitt,Sales
273952,Nahla,Braccini,Development
274084,Bernice,Luon,Development
273964,Nathan,Ratnaker,Development
273987,Emran,Halloran,Development
274087,Mari,Olano,Development
273997,Yechiam,Braunschweig,Sales
274106,Leon,Herber,Sales
274119,Hugo,Narwekar,Development
274290,Tsuneo,Birke,Development
274168,Kensyu,Clouatre,Development
274181,Yechezkel,Fortenbacher,Sales
274319,Sanjay,Gammage,Development
274197,Geoffrey,Randi,Sales
274202,Guoxiang,Christ,Development
274348,Cheong,Siksek,Development
274251,Heon,Kadhim,Sales
274360,Shuzo,Oskamp,Development
274272,Persi,Conia,Development
274397,Rimli,Wendorf,Sales
274278,Horward,Oberman,Development
274282,Saeko,Bernatsky,Sales
274413,Stamatina,Valtorta,Development
274436,Brewster,Zockler,Sales
274574,Chirstian,Bharadwaj,Sales
274441,Marla,Denis,Sales
274463,Uli,Glowinski,Development
274473,Rutger,Bhattacharjee,Development
274585,Aleksandar,Itzfeldt,Sales
274625,Fatemeh,Assaf,Sales
274492,Malu,Zeilberger,Sales
274496,Danae,Boguraev,Development
274508,Rosli,Vickson,Sales
274511,Stafford,Pews,Development
274627,Ibibia,Cooke,Development
274534,Freyja,McClurg,Development
274683,Elrique,Strooper,Development
274543,Teruyuki,Marrakchi,Sales
274554,Sakthirel,Rattan,Development
274563,Masaki,Serre,Development
274704,Masanao,Rothe,Sales
274735,Noritoshi,Haldar,Sales
274742,Sadok,Demos,Development
274743,Irena,Driscoll,Sales
274706,Xiaoqiu,Thimonier,Sales
274856,Fayez,Weedman,Sales
274761,Jianwen,Milicia,Development
274785,Sandeepan,Krohn,Sales
274875,Teruyuki,Erbe,Development
274809,Taiji,Jayawardene,Development
274903,Fusako,Crooks,Sales
274833,Chikako,Krohm,Development
274910,Parke,Braccini,Sales
274845,Satoru,Schaad,Development
274932,Mikhail,Schmiedel,Sales
274971,Alper,Kitsuregawa,Development
275001,Katsuo,Mitina,Sales
275011,Leen,Wallrath,Sales
275022,Lansing,Yoshimura,Sales
274980,Sahrah,Slobodova,Sales
274983,Shahab,Gecsel,Development
274984,Tesuya,Marshall,Sales
274991,Xinyu,Gide,Sales
275144,Taegyun,Varman,Development
275070,Yongdong,Maccarone,Development
275083,Pranjal,Kopetz,Development
275181,Yuchang,Kriebel,Development
275110,Pradeep,McConalogue,Development
275120,Jaideep,Aamodt,Sales
275194,Doowon,Shobatake,Development
275225,Mong,Luce,Sales
275283,Xiaopeng,Ozery,Development
275285,Mana,Aingworth,Development
275288,Sadegh,Sommen,Sales
275257,Kasidit,Yavatkar,Development
275319,Mani,Vadhan,Sales
275449,Ronghao,Lambe,Development
275337,Ortrud,Matzke,Development
275386,Parke,Lortz,Sales
275466,Danco,Puoti,Development
275479,Georgi,Ratnakar,Sales
275421,King,Cooley,Sales
275504,Aluzio,Bahi,Development
275570,Masaru,Streit,Development
275533,Takanari,Muhling,Sales
275588,Xumin,Peak,Development
275599,Toshimi,Cichocki,Development
275739,Patricio,Snyers,Sales
275603,Siddarth,Rehfuss,Development
275620,Arunas,Yetim,Development
275622,Ennio,Emiris,Development
275639,Kasturi,Claffy,Sales
275675,Hitomi,Shanbhogue,Development
275751,Pohua,Restivo,Sales
275692,Arfst,Soloway,Sales
275767,Uinam,Varker,Sales
275703,Panayotis,Unni,Development
275792,Martine,Camarinopoulos,Development
275851,Panayotis,Glowinski,Sales
275798,Anneke,Gente,Development
275854,Szabolcs,Kavraki,Development
275803,Jaroslava,Erdmenger,Development
275865,Joydip,Fritzsche,Development
275847,Fay,Streng,Development
275880,Geraldo,Picaronny,Sales
275908,Bodo,Ratnaker,Development
276010,Khoa,Baig,Development
275930,Nagui,Rosis,Development
275964,Dines,Shrader,Development
276044,Atreye,Whitcomb,Development
275980,Mostafa,Ponthieu,Sales
276046,Sanjai,Hartvigsen,Sales
276143,Vishv,Hedayat,Sales
276153,Kazuhito,Copas,Sales
276177,Augustine,Rettelbach,Development
276178,Jacqueline,Gerlach,Development
276053,True,Lyonns,Sales
276179,Stein,Matteis,Development
276058,Shiv,Tchuente,Development
276079,Jessie,Brlek,Sales
276089,Achilleas,Goldhammer,Development
276091,Szabolcs,Halevi,Sales
276240,Aamod,Kitsuregawa,Development
276451,Xiaoqiu,Riefers,Sales
276258,Ulf,Denis,Sales
276273,Anyuan,Kushnir,Development
276289,Yuchang,Gilg,Sales
276455,Remko,Awdeh,Sales
276314,Evgueni,Demke,Development
276468,Rosalie,DuCasse,Sales
276327,Lijie,Kadhim,Development
276475,Susanne,Passino,Development
276344,Mana,Vieri,Development
276484,Limsoon,Flasterstein,Development
276359,Honesty,Soicher,Development
276360,Berry,Gerlach,Development
276494,Xiaopeng,Ermel,Development
276502,Indrajit,Segond,Sales
276515,Hercules,Granlund,Sales
276517,Kitty,Matzke,Development
276531,Michaela,Litvinov,Sales
276741,Ramya,Colorni,Development
276576,Guadalupe,McClurg,Sales
276578,Sibyl,Luff,Sales
276781,Atreye,Merle,Development
276633,Shin,Birdsall,Sales
276648,Mokhtar,Tetzlaff,Sales
276800,Honglan,Remmele,Sales
276657,Reinhold,Wrigley,Sales
276670,Vasilis,Hegner,Development
276837,Gina,Farrag,Development
276683,Jingling,Shackel,Development
276685,Pradeep,Piveteau,Sales
277019,Toshimi,Cherinka,Sales
276844,Elzbieta,Peltason,Sales
276854,Kamran,Rattan,Development
277029,Fumiyo,Bade,Development
277033,Paloma,Thorelli,Development
277038,Ottavia,Oberman,Development
277276,Marsha,Figueira,Development
276918,Yongqiao,Garnham,Development
276961,Tomoyuki,Birnbaum,Development
276971,Abdulah,Kropp,Development
276981,Danai,Perfilyeva,Development
277130,Bojan,Passino,Sales
277281,Shahar,Lieberherr,Development
277290,Masali,Kalefeld,Development
277144,Vishv,Munck,Sales
277153,Giap,Lindenbaum,Development
277331,Uno,Ghalwash,Development
277187,Arlette,Shinomoto,Sales
277358,Sahrah,Brizzi,Development
277361,Cedric,Nilsson,Development
277235,Ayakannu,Ashish,Sales
277376,Indrajit,Unno,Sales
277418,Kasidit,Terekhov,Development
277248,Barna,Erni,Sales
277252,Sampalli,Gurbaxani,Development
277501,Sastry,Lupu,Development
277580,Jaques,Schaar,Development
277588,Kensei,Guerreiro,Sales
277608,Vasilis,Pettis,Sales
277612,Lokesh,Flowers,Sales
277503,Eberhardt,Gomatam,Sales
277523,Yuqun,Fabrizio,Development
277633,Rimli,Solares,Sales
277745,Fay,Suppi,Sales
277655,Kien,Setia,Development
277661,Hilari,Bednarek,Development
277784,Jacqueline,Pfau,Development
277853,Manibrata,Bale,Sales
277854,Shem,Levergood,Development
277886,Vishv,Yeung,Development
277788,Zijian,Syang,Development
277789,Katsuyuki,Aloisi,Development
277804,Chikara,Kolvik,Development
277909,Supot,Boyle,Development
277916,Satoru,Cullers,Development
277996,Naftaly,Straney,Sales
277928,Uma,Pettey,Development
278003,Mohit,Melichar,Development
278008,Krassimir,Merle,Sales
278024,Guangming,Sridhar,Sales
278134,Sorina,Crouzet,Sales
278031,Marco,Chandrasekhar,Sales
278053,Bernardo,Heystek,Development
278058,Gao,Gide,Development
278065,Shigehito,Bade,Development
278181,Selwyn,Foong,Development
278095,Nagui,Merel,Sales
278189,Yinlin,Gunderson,Development
278112,Paddy,Ginneken,Sales
278215,Ottavia,Zaccaria,Sales
278232,Krassimir,Sanella,Sales
278290,Shigeaki,Millington,Development
278353,Junichi,Kalsbeek,Sales
278413,Seshu,Fasbender,Development
278360,Gregory,Bottner,Sales
278486,Aiichiro,Maraist,Sales
278379,Iara,Braunmuhl,Development
278495,Gilbert,Erdi,Development
278508,Mansur,Improta,Sales
278608,Reuven,Angel,Development
278619,Malu,Denis,Sales
278727,Shakhar,Beutelspacher,Development
278860,Fay,Emiris,Development
278764,Koichi,Lueh,Sales
278768,Koichi,Oxman,Development
278825,Jiakeng,Delgrossi,Development
278828,Stabislas,Rosin,Development
278886,Divier,Escriba,Sales
278918,Sadun,DiGiano,Development
278993,Monique,Peha,Development
278995,Shigehiro,Dalton,Sales
279009,Taiji,Brookman,Sales
279018,Constantino,Mellouli,Development
278938,Laurentiu,Cesareni,Development
278954,Gritta,Gerlach,Development
278955,Sachin,Lambe,Development
279134,Manu,Lorch,Sales
279093,Turgut,Farrag,Sales
279143,Marl,Krohm,Development
279187,Karsten,Millington,Sales
279288,Patricio,Masand,Sales
279300,Tomokazu,Bondorf,Development
279308,Ziva,Kopetz,Development
279201,Udo,Stiles,Development
279336,Moss,Bonifati,Development
279386,Parto,Verspoor,Sales
279397,Elvis,Karcich,Sales
279207,Zorica,Birch,Development
279216,Debaprosad,Kamber,Development
279226,Isaac,Gopalakrishnan,Sales
279553,Elzbieta,Brlek,Sales
279433,Tetsurou,Billawala,Sales
279435,Mayumi,Wilharm,Development
279436,Fun,Setiz,Development
279440,Shin,Hebden,Sales
279451,Pasqua,Qiwen,Sales
279468,Weiwu,Kornyak,Sales
279478,Steve,Zyda,Sales
279484,Yunming,Famili,Sales
279594,Alexius,Ponthieu,Sales
279487,Dietrich,Fasbender,Development
279488,Aleksandar,Vandervoorde,Development
279504,Olivera,Thibadeau,Development
279506,Shih,Selvestrel,Sales
279510,Makato,Munck,Sales
279511,Tsuneo,Rahier,Development
279514,Fumiko,Heyers,Development
279518,Werner,Ellozy,Sales
279618,Eben,Cannata,Development
279519,Trygve,Neimat,Development
279535,Domenico,Sullins,Development
279541,Tsutomu,Felder,Sales
279620,Suzette,Erbe,Development
279642,Feipei,Besancenot,Development
279643,Kiam,Massonet,Sales
279689,Martins,McDermid,Development
279661,Xiadong,Bach,Sales
279703,Kirk,Makrucki,Development
279707,Makato,Broder,Development
279829,Iara,Stille,Sales
279732,Sedat,Imataki,Sales
279742,Navid,Woycyznski,Development
279753,Gio,Georg,Development
279763,Marke,Lipner,Development
279832,Kristen,Vural,Development
279770,Chenyi,Brickell,Sales
279910,Yongmin,Snyers,Development
279776,Mohammed,Moehrke,Sales
279808,Tooru,Dolinsky,Development
279915,Angus,Rijsenbrij,Development
279972,Jianhua,Gecsei,Sales
280118,Constantino,Khasidashvili,Development
279996,Zejun,Lampe,Development
279997,Heeju,Burnard,Sales
280010,Arnould,Awdeh,Sales
280050,Fay,Gewali,Development
280126,Arie,Danecki,Development
280062,Sashi,Condotta,Sales
280127,Arnd,Hammerschmidt,Development
280137,Cullen,Ruther,Development
280169,Aimee,Sherertz,Development
280088,Iara,Llado,Sales
280106,Duke,Koyama,Development
280187,Dipankar,Ducloy,Development
280197,Panayotis,Fordan,Development
280212,Chanjung,Heemskerk,Development
280255,Richara,Roccetti,Sales
280271,Yucel,Papastamatiou,Sales
280236,Sadegh,Vingron,Sales
280277,Magdalena,Perry,Sales
280396,Shih,Solares,Sales
280309,Chuanyi,Bolsens,Sales
280430,Sudharsan,Syrotiuk,Development
280334,Chrisa,Kadhim,Development
280448,Theron,Aamodt,Sales
280361,Shooichi,Hiltgen,Development
280452,Navin,Chenoweth,Development
280370,Mayuko,Vesel,Development
280476,Harngdar,Mandelberg,Sales
280391,Niclas,Spell,Sales
280483,Naraig,Jeong,Sales
280508,Srinidhi,Demos,Development
280512,Sumant,Trelles,Sales
280681,Nahum,Braccini,Development
280574,Shih,Orlowska,Sales
280595,Frazer,Kitsuregawa,Development
280721,Arumugam,Fiutem,Development
280622,Wayne,Back,Development
280643,Dmitry,Peroz,Sales
280723,Arfst,Kolinko,Development
280729,Shuho,Pearson,Development
280790,Ekawit,Baumann,Development
280796,Shigenori,Lundstrom,Development
280803,Zine,Dayana,Development
280860,Gudjon,Syang,Sales
280977,Frazer,Shokrollahi,Development
280876,Saniya,Maginnis,Development
280883,Shao,Compeau,Development
280900,Odinaldo,Ramsay,Development
280910,Arve,Dehkordi,Sales
280979,Remmert,Orsini,Sales
280917,Doowon,Melter,Development
281042,Leaf,Makinen,Development
280923,Uno,Silva,Sales
280924,Sigeru,Merey,Sales
280933,Jianhao,Dalphin,Development
280934,Gritta,Gils,Development
280941,Taisook,Furudate,Development
280954,Raimond,Cappelletti,Sales
280955,Mona,Anido,Sales
281058,Miomir,Bressoud,Development
281070,Chenye,Shanbhogue,Sales
281113,Sumali,Giaccio,Development
281074,Kendra,Xiaoshan,Development
281079,Kamakshi,Schwartzburd,Development
281093,Anyuan,Legleitner,Development
281150,Masanao,Lichtner,Sales
281259,Marek,Feinberg,Sales
281159,Sakthirel,Bernardinello,Development
281163,Mohammad,Giarratana,Development
281170,Abdulah,Dulli,Development
281184,Hilari,Tagansky,Development
281188,Sedat,Heyers,Sales
281195,Zengping,Undy,Development
281261,Shuichi,Molberg,Sales
281293,Chikara,Bednarek,Sales
281213,Kellyn,Staylopatis,Development
281299,Jianhui,Herber,Development
281345,Giordano,Beetstra,Sales
281398,Randy,Poujol,Development
281400,Kristen,Lores,Development
281416,Sadun,Kuzuoka,Sales
281378,Denny,Denos,Development
281455,Abdelkader,Demir,Development
281458,Niranjan,Biron,Sales
281462,Katsuo,Shiratori,Sales
281385,Georgi,Oxenboll,Sales
281547,Vidar,Baez,Sales
281484,Mooi,Pardalos,Development
281488,Xiadong,Bruckman,Development
281505,Babette,Baer,Sales
281510,Douadi,Demian,Sales
281520,Jeanna,Wrigley,Sales
281697,Nirmal,Rusterholz,Sales
281548,Yishay,Lichtner,Sales
281574,Rasikan,Benantar,Development
281586,Akeel,Jiang,Development
281743,Mitchel,Beeson,Development
281750,Mohamadou,Laventhal,Sales
281590,Tooru,Heydon,Sales
281760,Fumiyo,Cronau,Sales
281762,Nathalie,Tiemann,Development
281968,Byong,Mayerwieser,Development
281768,Eckart,Beausoleil,Sales
281776,Radoslaw,Nilsson,Sales
281817,Turgut,Chiodo,Development
281971,Horward,Desikan,Sales
281981,Youssef,Ishibashi,Sales
281872,Tuval,Siprelle,Development
282002,Franziska,Eickenmeyer,Sales
281877,Mana,Murthy,Development
282013,Ottavia,Hiyoshi,Development
281906,Phuoc,Orlowska,Development
282036,Oguz,Ranum,Sales
281928,Lidong,Gewali,Sales
281935,Kasturi,Munke,Development
282042,Masaki,Benzaken,Development
281939,Demos,Biran,Development
282044,Shai,Kilgore,Sales
282063,Hongzhu,Selenyi,Development
282092,Masasuke,Pehl,Development
282112,Elgin,Peot,Development
282119,Foong,Aingworth,Development
282096,Zvonko,Zobel,Sales
282126,Sungwon,Ginesta,Development
282251,Anoosh,Valtorta,Sales
282133,Marek,Brickell,Sales
282270,Val,Giarratana,Development
282273,Sachem,Matzen,Development
282295,Barton,Wegerle,Development
282204,Ulises,Schneeberger,Sales
282314,Bilhanan,Karcich,Development
282317,Taegyun,Llado,Development
282347,Shuky,Radivojevic,Sales
282348,Saddek,Oxenboll,Development
282540,Randi,Marakhovsky,Sales
282644,Alois,Deverell,Sales
282501,Kristinn,Rande,Sales
282508,Juyoung,Merel,Development
282670,Becky,Nollmann,Development
282683,Danny,Biran,Sales
282824,Cordelia,Luon,Development
282705,Piyush,Pulkowski,Development
282743,Becky,Paludetto,Sales
282841,Alejandra,Schwabacher,Sales
282753,Tonia,Ghandeharizadeh,Sales
282899,Poorav,Veldwijk,Development
282810,Zeljko,Merks,Sales
282909,Demin,Schapire,Development
283110,Akeel,Leuchs,Development
282979,Shen,Steinauer,Development
283019,Narain,Aingworth,Development
283123,Youssef,Highland,Development
283022,Doowon,Chenney,Development
283125,Rimli,Gire,Development
283048,Akeno,Ruemmler,Development
283050,Juichirou,Kusalik,Sales
283052,Fumitake,Tempesti,Development
283185,Fabrizio,Schapire,Development
283059,Kshitij,Bade,Development
283071,Limsoon,Yeung,Development
283198,Serenella,Ranon,Development
283209,Abdelghani,Seiwald,Sales
283215,Mabo,Chelton,Development
283225,Ult,Duclos,Sales
283382,Guozhong,Kleiser,Development
283289,Yechezkel,Akaboshi,Sales
283427,Iara,Heydon,Development
283315,Make,Chimia,Development
283337,True,Bernatsky,Development
283349,Elgin,Zolotykh,Development
283356,Ingemar,Zirintsis,Development
283428,Ramachenga,Peot,Sales
283435,Takahiro,Schmezko,Sales
283496,Kenroku,Flasterstein,Sales
283529,Lucien,Ertl,Sales
283536,Yongqiao,Marwedel,Development
283557,Hironobu,Teitelbaum,Sales
283724,Phuoc,Suri,Development
283601,Uno,Cunliffe,Development
283649,Maren,Frolund,Development
283653,Neelam,Camurati,Sales
283740,Stella,Selenyi,Sales
283768,Mayuri,Boreale,Sales
283805,Yechezkel,Kroha,Development
283810,Conor,Maliniak,Development
283821,Jianwen,Schicker,Development
283829,Along,Niizuma,Sales
283804,Aran,Koprowski,Development
283833,Nikolaos,Etalle,Development
283847,Fai,Barriga,Sales
283848,Zeydy,Baaz,Development
283949,Ioana,Kroft,Sales
283871,Geraldo,Porotnikoff,Sales
283959,Heather,Comyn,Development
283900,Shaunak,Gist,Development
284056,Tze,Ambroszkiewicz,Development
284099,Masali,Gluchowski,Development
284108,Jinxi,Kalloufi,Development
284118,Toshimo,Lorho,Development
284081,Deniz,Kampfer,Sales
284152,Katsuyuki,Acton,Development
284156,Nechama,Ananiadou,Development
284088,Katsuyuki,DasSarma,Development
284243,Pohua,Chorvat,Development
284184,Sahrah,Pero,Sales
284195,Mona,Bouloucos,Sales
284196,Parto,Krichel,Development
284203,Subhankar,Weisert,Sales
284205,Valter,Falco,Development
284250,Munehiko,Baby,Development
284264,Kayoko,Jarecki,Development
284228,Fuqing,Pelc,Sales
284265,Christoph,Lubachevsky,Sales
284304,Nirmal,Malabarba,Development
284385,Xiaocheng,Marletta,Sales
284334,Alper,Stifter,Development
284393,Ronghao,Passafiume,Development
284423,Sudharsan,Szmurlo,Sales
284336,Yechiam,Gornas,Development
284343,Jeanne,Velardi,Development
284360,Kwun,Sommen,Development
284516,Anyuan,Borstler,Development
284465,Aria,Rosiles,Development
284474,Mona,Petersohn,Sales
284492,Armond,Birsak,Sales
284674,Krassimir,Monarch,Sales
284529,Berry,Danlos,Development
284530,Almudena,Borstler,Development
284559,Danny,Sooriamurthi,Development
284714,Sadok,Mitchem,Development
284720,Heping,Falster,Sales
284560,Adin,Valiente,Sales
284573,Fei,Siksek,Development
284746,Torsten,Dusink,Development
284584,Suvo,Wegerle,Development
284758,Odoardo,Krichel,Sales
284762,Chinho,Akiyama,Development
284587,Basil,Siegrist,Development
284594,Sahrah,Rouquie,Sales
284635,Hongzhu,Rodite,Development
284652,Pranas,Compeau,Development
284654,Becky,Decleir,Development
284809,Tru,Danner,Development
284655,Mohd,Nanard,Sales
284947,Martial,Vidal,Sales
284818,Aron,Lortz,Development
284830,Stafford,Luff,Sales
284978,Toong,Conta,Sales
284847,Shugo,Seghrouchni,Development
284874,Vidar,Langford,Development
284876,Kwun,Lorys,Development
284883,Pohua,Marrevee,Development
284990,Froduald,Theuretzbacher,Sales
284896,Tsuneo,Mateescu,Development
284992,Toshiki,Schaft,Development
285061,Babette,Baja,Sales
284905,Bingning,Koshino,Development
285065,Adas,Hitomi,Development
285085,Jouni,Rosch,Development
285087,Masako,Badache,Sales
285068,Genta,Felcyn,Development
285268,Berto,Valtorta,Development
285161,Lihong,Sommer,Development
285165,Peer,Rajcani,Development
285308,Domenico,Miake,Sales
285207,Charmane,Seuren,Development
285331,Kagan,Winter,Development
285514,Bikash,Azevdeo,Sales
285393,Carrsten,Kaelbling,Sales
285400,Aluzio,Pollock,Development
285429,Amabile,Kavvadias,Development
285523,Woody,Picco,Development
285524,Anoosh,Gimbel,Sales
285551,Zita,Erie,Sales
285470,Gill,Turnbull,Sales
285559,Sanjai,Boguraev,Sales
285560,Shigehito,Barinka,Development
285565,Shigeaki,Schonegge,Development
285494,Goncalo,Reeker,Development
285572,Huiqun,Monarch,Development
285609,Tetsushi,Uludag,Sales
285659,Mabhin,Lorys,Sales
285664,Satyanarayana,Nannarelli,Development
285637,Surveyors,Crelier,Sales
285673,Arnould,Chaudhury,Development
285675,Deborah,Orsini,Sales
285677,Tsutomu,Luke,Development
285643,Dulce,Rusterholz,Development
285800,Barry,Gargeya,Development
285722,Shrikanth,Dratva,Development
285803,Almudena,Hertweck,Sales
285829,Jeanne,Henders,Sales
285743,Gretta,DasSarma,Development
285749,Terresa,Jeong,Development
285766,Hsiangchu,Auyong,Development
285874,Reuven,Clouatre,Development
285781,Hein,Picaronny,Sales
285789,Uli,Welham,Sales
286090,Shaw,Sewelson,Sales
285934,Zhilian,Antonakopoulos,Sales
285938,Serenella,Hiraishi,Sales
286000,Tonny,Eugenio,Sales
286004,Sachem,Schiper,Development
286110,Khedija,Bazelow,Development
286016,Shigehito,Peha,Sales
286128,Eckart,Mitsuhashi,Sales
286057,Bezalel,Stellhorn,Development
286144,Rutger,Birke,Development
286072,Christophe,Luit,Sales
286169,Fuqing,Chleq,Development
286219,Gita,Rehfuss,Sales
286195,Karlis,Hofting,Sales
286221,Shahaf,Figueira,Sales
286206,King,Ulupinar,Development
286362,Ramalingam,Chaudhury,Development
286363,Brigham,Tsukuda,Development
286374,Subbu,Buchter,Development
286412,Adas,Bresenham,Development
286418,Tomokazu,Daescu,Sales
286423,Dietrich,Flanders,Sales
286440,Aleksandar,Huttel,Development
286515,Debaprosad,Soicher,Development
286447,Alper,Schaft,Development
286449,Randi,Khalid,Development
286467,Ult,Molberg,Sales
286562,Reuven,Azevdeo,Sales
286473,Saniya,Azadmanesh,Development
286477,Kazuhiro,Speel,Development
286489,Fumiko,Arlazarov,Development
286590,Aral,Androutsos,Development
286490,Gill,Ranai,Development
286493,Uma,Ciolek,Development
286615,Lokesh,Eterovic,Sales
286646,Martien,Peres,Development
286632,Bingning,Ghemri,Sales
286636,Cordelia,Leivant,Development
286697,Ult,Melter,Sales
286790,Snehasis,Diderrich,Development
286795,Tayeb,Luca,Sales
286755,Limsoon,Kusalik,Development
286827,Yunming,Merey,Sales
286841,Hidekazu,Zobel,Sales
286875,Freyja,Wielonsky,Sales
286760,Sadun,Escriba,Development
286878,Sakthirel,Otillio,Sales
286771,Make,Alblas,Development
286893,Parke,Yurek,Sales
286777,Garnet,Demos,Sales
286898,Susumu,Grabner,Development
286781,Vesna,Roccetti,Development
286982,Aksel,Ranze,Sales
287076,Almudena,Harnett,Sales
287093,Dietrich,Leslie,Development
286992,Dante,Skafidas,Development
287013,Heng,Asmuth,Sales
287123,Marko,Benaini,Sales
287021,Dharmaraja,Schwaller,Development
287161,Gilbert,Parveen,Sales
287163,Vugranam,Verhaegen,Development
287167,Qunsheng,Toyoshima,Development
287181,Mariusz,Schade,Sales
287221,Saeed,Sinitsyn,Development
287033,Pradeep,Pettey,Sales
287238,Yoshimitsu,Nooteboom,Development
287042,Constantino,Schwartzbauer,Development
287247,Temple,Michaeli,Development
287249,Richara,Gopalakrishnan,Sales
287064,Kish,Ratnaker,Development
287267,Lunjin,Cummings,Development
287373,Mabry,Beznosov,Development
287293,Gao,Rosch,Sales
287406,Arra,Slutz,Sales
287318,Nikolaos,Kossowski,Development
287446,Abdelaziz,Krichel,Development
287347,Noritoshi,Melton,Sales
287641,Yuriy,Riexinger,Development
287505,Neelam,Orlowska,Development
287507,Muneo,Plump,Development
287512,Guadalupe,Bashian,Development
287518,Chinhyun,McConalogue,Sales
287552,Idoia,Hockney,Sales
287680,Youssef,Rande,Sales
287598,Bader,Jiang,Sales
287613,Navid,Magalhaes,Sales
287717,Inderjeet,Mullainathan,Development
287624,Francesca,Ambroszkiewicz,Sales
287635,Jagoda,Kamber,Development
287761,Patricia,Pargaonkar,Sales
287803,Felicidad,Waymire,Development
287815,Huiqun,Rodham,Development
287769,Tianruo,Dratva,Development
287776,Yuping,Tyugu,Development
287830,Wuxu,Sullins,Development
287837,Nobuyoshi,Businaro,Development
287839,Teunis,Tyugu,Development
287778,Krisda,Suomi,Sales
287947,Wanqing,Anily,Sales
287848,Chaosheng,Stroustrup,Development
287876,Yinlin,Hardjono,Sales
287877,Duro,Trumbly,Development
287878,Masoud,Gihr,Development
287982,Stepehn,Akaboshi,Development
287908,Masaki,Zirintsis,Development
287996,Geraldo,Siprelle,Development
288004,Saeed,Templeman,Development
288011,Naftali,Veccia,Development
288074,Hugo,Rosis,Development
288075,Nectarios,Aloia,Development
288014,Nitsan,Ranft,Development
288050,Teiji,Peek,Development
288051,Murthy,Thibadeau,Sales
288057,Alejandro,Ozeri,Development
288206,Jouni,Tiemann,Sales
288138,Iara,Tetzlaff,Sales
288144,Youngkon,Pehl,Development
288161,Kellyn,Luck,Sales
288209,Elvia,Baez,Sales
288220,Kish,Kermarrec,Development
288265,Angus,Budinsky,Development
288274,Selwyn,Alblas,Development
288304,Shan,Majewski,Sales
288384,Magy,Maksimenko,Development
288312,Filipe,Baba,Development
288393,Bernd,Lakshmanan,Sales
288319,Srinidhi,Kaminger,Sales
288322,Shahab,Bardell,Development
288332,Sibyl,Douceur,Sales
288341,Aris,Koshiba,Development
288345,Tuval,Lamparter,Development
288511,Bezalel,Decleir,Development
288456,Mariusz,Munck,Development
288485,Nigel,Rosenbaum,Development
288514,Dines,Potthoff,Development
288540,Uli,Camarinopoulos,Development
288634,Chenyi,Kobara,Development
288639,Shooichi,Rehfuss,Sales
288574,Fayez,Paludetto,Sales
288658,Giordano,Halloran,Sales
288577,Shin,Granlund,Development
288578,Boguslaw,Birrer,Sales
288588,Aiichiro,Toyoshima,Development
288590,Hailing,Reeken,Sales
288615,Florian,Merks,Development
288705,Carrsten,Farrag,Development
288617,Tsutomu,Beeson,Development
288776,Akeno,Baca,Sales
288746,Leif,Morrin,Development
288801,Otmar,Birge,Sales
288813,Licheng,Noriega,Sales
288847,Guenter,Kalafatis,Sales
288949,Munehiro,Munoz,Development
288967,Mantis,Erbe,Sales
288973,Xinyu,Kaiser,Sales
288863,Huai,Sundgren,Sales
288880,Chuanyi,Gammage,Development
289025,Feixiong,Fordan,Sales
288905,Kazuhito,Biran,Development
289032,Danny,Asrin,Sales
289034,Arra,Cappelletti,Development
289054,Youjian,Hutton,Development
289278,Nechama,Luit,Development
289079,Xiaobin,Montemayor,Development
289103,Francesca,Openshaw,Development
289107,Holgard,Luef,Sales
289153,Shigeichiro,Molenaar,Development
289281,Basant,Mondadori,Development
289170,Taizo,Aloia,Development
289285,Mohua,Miake,Development
289172,Valeska,Angiulli,Development
289302,Mani,Lampe,Sales
289332,Youjian,Esteva,Development
289543,Shmuel,Kirkerud,Development
289353,Nikolaos,Winter,Sales
289356,Yuqun,Kobuchi,Sales
289368,Yaghout,Zuberek,Development
289388,Mrinalini,Pusterhofer,Development
289393,Koichi,Schonegge,Development
289419,Kenroku,Ozeri,Sales
289546,Kensei,Hasham,Development
289433,Demos,Maquelin,Sales
289562,Chuanyi,Warwick,Development
289583,King,Rijsenbrij,Development
289461,Sergi,Anandan,Development
289477,Dung,Docker,Development
289585,Guther,Pappas,Development
289613,Khalil,Narahara,Development
289616,Mark,Fasbender,Development
289619,Jiafu,Mundy,Sales
289777,Margo,Lorys,Development
289669,Larisa,Litzler,Sales
289686,Ortrun,Rajala,Sales
289782,Kazuyasu,Redmiles,Development
289804,Khalid,Yetim,Development
289712,Karsten,Brookner,Sales
289727,Cheong,Seuren,Development
289817,Karoline,Strandh,Development
289950,Sudharsan,Koshino,Sales
289847,Leen,Wissmann,Sales
289982,Gil,Erol,Sales
289989,Xuejia,Strehl,Development
289862,Marin,Deverell,Sales
289878,Adam,Beznosov,Development
290232,Nobuyoshi,Malabarba,Development
290035,Zine,Lieberherr,Sales
290062,Godehard,Morrow,Development
290083,Giap,Veevers,Development
290274,Nahid,Cooley,Sales
290108,Tomokazu,Jonsson,Development
290329,Branimir,Luks,Sales
290505,Kien,Onuegbe,Development
290337,Jaroslava,Soicher,Sales
290514,Kien,Zedlitz,Development
290357,Kasturi,Cunliffe,Sales
290536,Kiam,Janetzko,Development
290360,Rosita,Auyong,Sales
290537,Mabo,Erbe,Sales
290390,Xiaoqiu,Gornas,Development
290561,Genki,Melter,Sales
290564,Teunis,Ghandeharizadeh,Sales
290418,Djenana,Uludag,Development
290589,Jouni,Chleq,Sales
290423,Arco,Krohn,Development
290424,Foong,Karcich,Development
290428,Supot,Flowers,Sales
290434,Mohan,Ferriere,Sales
290436,Chenxi,Karlin,Sales
290602,King,Hiltgen,Development
290788,Weijing,Lundstrom,Sales
290468,Moto,Chinal,Development
290631,Yoshinari,Vieri,Development
290800,Shmuel,Meriste,Sales
290638,Erez,Honglei,Development
290644,Rasikan,Daescu,Development
290647,Mandell,Velardi,Development
290805,Noritoshi,Swift,Development
290654,Kerryn,Zirintsis,Development
290816,Sachem,Cochrane,Sales
290820,Volkmar,Poujol,Development
290828,Mary,Munro,Development
290685,Spyrose,Nations,Development
290850,Subhada,Stenning,Development
290716,Mohd,Kakkar,Development
290856,Cedric,Cannard,Sales
290732,Shen,Usery,Sales
290864,Ohad,Morrow,Development
290869,Byong,Bazzichi,Development
290890,Margareta,Vitiello,Sales
290895,Serge,Badr,Development
291050,Changho,Busillo,Development
291059,Sanjai,Bultermann,Development
291064,Claudi,Bernini,Development
291067,Margareta,Sanella,Development
290946,Abdelghani,Reutenauer,Sales
291068,Conor,Zaccaria,Sales
291084,Mokhtar,Reinhart,Development
291106,Masako,Gilg,Sales
290981,Mona,Nooteboom,Development
290985,Geraldo,Takanami,Sales
290990,Guiseppe,Bennet,Development
290995,Siddarth,Bugrara,Development
291116,Berni,Pocchiola,Sales
291008,Takushi,Shimshoni,Development
291119,Bernice,Huxford,Sales
291011,Aron,Huxford,Development
291164,Kasidit,Wegerle,Development
291030,Licheng,Guenter,Development
291330,Mona,Ligten,Sales
291196,Nectarios,Waleschkowski,Development
291353,Alselm,Farrag,Sales
291245,Shahab,Lueh,Sales
291359,Sreekrishna,Swiler,Sales
291376,Fai,Jahnichen,Development
291294,Yoshimitsu,Luby,Sales
291380,Mohammed,Miara,Sales
291301,Miquel,Sidje,Development
291385,Khun,Anandan,Sales
291312,Oscar,Rosen,Development
291421,Eirik,Carrere,Sales
291323,Ghassan,Maksimenko,Sales
291324,Steen,Schwartzburd,Development
291325,Arno,Speckmann,Sales
291426,Geraldo,Cooman,Sales
291637,Alejandro,Tsukuda,Development
291534,Akhilish,Paciorek,Sales
291649,Arnould,Kruskal,Sales
291580,Nidapan,Gniady,Development
291653,Rafael,Strehl,Sales
291665,Rosella,Siepmann,Development
291675,Dipayan,Stenning,Development
291607,Boguslaw,Swift,Sales
291676,Alain,Constantine,Development
291683,Denny,Masand,Sales
291734,Serge,Heinisuo,Sales
291756,Randi,Braunmuhl,Development
291788,Makato,Poupard,Sales
291740,Tua,Bratten,Development
291896,Mart,Decleir,Development
291811,Shaibal,Slaats,Development
291817,Adin,Rosca,Development
291831,Mong,Constantine,Development
291840,Xiahua,Riefers,Development
291898,Ferdinand,Quittner,Development
291908,Marek,Soloway,Sales
291956,Claude,Veldwijk,Development
291865,Gritta,Hartvigsen,Development
291958,Anneli,Bernardinello,Development
292011,Christoph,Klassen,Development
292038,Roddy,Muhling,Development
292053,Shuji,Brandsma,Development
292023,Demos,Rullman,Sales
292093,Yurij,Papsdorf,Sales
292025,Weidon,Osgood,Development
292032,Herb,Siprelle,Sales
292198,Geoff,Gien,Sales
292201,Aris,Varman,Development
292281,Lakshmi,Bardell,Sales
292322,Adamantios,Colorni,Sales
292331,Aamod,Vesna,Development
292301,Maris,Barbanera,Development
292371,Danil,Stanfel,Development
292314,Shay,Roohalamini,Development
292378,Mang,Harllee,Sales
292464,Gennady,Choobineh,Development
292499,Takahira,Mayerwieser,Sales
292506,Nahum,Tchuente,Development
292457,Josyula,Erev,Development
292458,Akeno,Armand,Sales
292507,Feiyu,Jakobus,Development
292519,Josyula,Angel,Development
292532,Mokhtar,Honglei,Development
292605,Hatem,Picaronny,Development
292612,Lihong,Katalagarianos,Development
292618,Abdelkader,Salverda,Development
292643,Chriss,Eiter,Sales
292658,Hiroyasu,Massonet,Development
292675,Munehiko,Ranze,Sales
292533,Zine,Muchinsky,Sales
292554,Steen,Heuser,Sales
292707,Aluzio,Pollacia,Development
292902,Shigenori,Woycyznski,Sales
292752,Jianhao,Frolund,Development
292753,Kwangyoen,Andreotta,Development
292904,Gopalakrishnan,Uhrik,Sales
292968,Sashi,Chaudhury,Development
292825,Tru,Facello,Development
292831,Subhankar,Ananiadou,Development
292970,Xinyu,Strandh,Sales
292841,Yannis,Pargaonkar,Development
292989,Dipayan,Fraisse,Development
292995,Junsik,Picel,Development
293010,Nathan,Verhoeff,Development
293177,Marlo,Fairtlough,Sales
293259,Breannda,Petersohn,Development
293312,Zito,Pehl,Sales
293144,Junichi,Huhdanpaa,Sales
293505,Premsyl,Eugenio,Development
293325,Candido,Ullian,Development
293328,Takahiro,Madeira,Development
293332,Guadalupe,Veccia,Development
293342,Dekang,Moehrke,Sales
293354,Sukumar,Perfilyeva,Development
293355,Huan,Kolvik,Sales
293508,Sachin,Ranta,Development
293537,Quingbo,Chiodo,Sales
293567,Masami,Kragelund,Development
293424,Arumugam,Ohori,Development
293441,Toshimitsu,Cunliffe,Development
293587,King,Vickson,Development
293446,Gad,Leppanen,Development
293769,Paris,Valtorta,Sales
293628,Zhanqiu,Danecki,Development
293784,Radhika,Feldhoffer,Development
293632,Arnould,Kenevan,Sales
293849,Brigham,Bondorf,Development
293700,Berry,Zeidenstein,Development
293863,Xudong,Moehrke,Development
294080,Chenxi,Iwayama,Sales
293884,Zhenhua,Ebeling,Development
293893,Bernt,Kropf,Development
293913,Maren,Schwartzbauer,Development
293914,Jungsoon,Garrabrants,Sales
293934,Kerryn,Heusch,Sales
293939,Parke,Lanzelotte,Development
293942,Vitaly,Erni,Development
293946,Nadjib,Merro,Sales
294091,Roded,Siegrist,Development
294097,Kazunori,Cummings,Sales
293965,Jamaludin,Majewski,Sales
293967,Selwyn,Garrabrants,Development
294112,Guenter,Chachaty,Development
294164,Subhada,Hennings,Sales
293988,Yunming,Sifakis,Development
294001,Changho,Waleschkowski,Development
294011,Guiseppe,Solares,Sales
294319,Geoffry,Bach,Sales
294326,Dmitri,Kermarrec,Sales
294178,Nectarios,Luga,Development
294332,Adit,Ranft,Sales
294184,Utz,Tomescu,Development
294362,Pranjal,Rassart,Development
294387,Hatem,Asser,Development
294240,Poornachandra,Ressouche,Sales
294243,Marie,Llado,Development
294398,Kazuhiko,Ruemmler,Sales
294450,Marko,Murtafg,Development
294282,Hatem,Trelles,Development
294283,Gita,Yurov,Sales
294288,Adel,Lyonns,Development
294597,DAIDA,Tomescu,Development
294606,Zhilian,Perko,Sales
294613,Palash,Carrere,Sales
294483,Zhilian,Showalter,Development
294618,Kazunori,Emmart,Sales
294655,Ravishankar,Kakkar,Development
294501,Claude,Roohalamini,Sales
294514,Kwangyoen,Scharstein,Development
294681,Maria,Fujisaki,Development
294546,Billur,Magliocco,Development
294692,Marie,Lakshmanan,Sales
294719,Kwok,Aloisi,Development
294733,Satyanarayana,Fabrizio,Development
294742,Neelam,Brender,Sales
294884,Bowen,Baaz,Development
294757,Weiru,Millington,Development
294773,Constantino,Sanella,Development
294779,Mountaz,Valiente,Sales
294930,Remmert,Baik,Sales
294784,Pranjal,Wegerle,Development
294805,Vishu,Flexer,Sales
294812,Temple,Legleitner,Development
294932,Aram,Perly,Sales
294962,Sushant,Avouris,Development
294850,Toshimo,Peot,Sales
294966,Mrinalini,Esposito,Sales
294869,Byong,Schiper,Development
294970,Peer,Rosay,Sales
294975,Lucian,Rosis,Development
294978,Adas,Pagter,Development
294995,Sumali,Iacovou,Development
295027,Zeljko,Karner,Sales
295181,Niclas,Skogmar,Sales
295068,Shem,Olivero,Sales
295085,Mana,Picht,Development
295089,Gina,Shimshoni,Sales
295217,Ashish,Bierman,Development
295118,Navin,Redmiles,Sales
295221,Tomokazu,Hofting,Sales
295149,Badri,Swan,Development
295235,Ortrun,Tsunoo,Development
295241,Makato,Bellone,Development
295242,Sarita,Swick,Development
295447,Chanjung,Vakili,Development
295351,Niranjan,Barinka,Sales
295364,Shaowei,Parascandalo,Sales
295376,Minghong,Arlazarov,Development
295462,Susanna,Penttonen,Development
295464,Marc,Falck,Sales
295503,Tayeb,Lund,Sales
295426,Kerryn,Imataki,Development
295439,Makato,Fadgyas,Sales
295506,Aloys,Blokdijk,Sales
295543,Navin,Nannarelli,Development
295562,Shih,Heping,Development
295626,Gou,Krohm,Development
295573,Macha,Ramsay,Development
295647,Gal,Schiettecatte,Development
295651,Adil,Coombs,Sales
295653,Fei,Encarnacion,Development
295658,Akeno,Decleir,Development
295665,Fabrizio,Socorro,Sales
295919,Florina,Saoudi,Sales
295747,Subhash,Zirintsis,Development
295751,Jacqueline,Pavlopoulou,Development
295940,Chinhyun,Shackell,Development
295787,Leucio,Zaumen,Development
295795,Tomofumi,Budinsky,Sales
295796,Ewing,Trachtenberg,Sales
295800,Jingling,Weisert,Sales
295802,Xiahua,Engelmann,Development
295976,Miomir,Desikan,Development
295838,Bartek,Ritcey,Sales
295842,Billie,Bratsberg,Development
295997,Kensei,Msuda,Development
295853,Doohun,Rahimi,Sales
296003,Gay,Khamsi,Development
296159,Shaunak,Passafiume,Development
296016,Ayakannu,Munoz,Sales
296033,Youngkon,Peak,Development
296182,Snehasis,Anandan,Development
296047,Mariusz,Schlenzig,Development
296186,Arunas,Fandrianto,Development
296223,Theirry,Pettis,Development
296078,DeForest,Birta,Development
296081,Marie,Morrey,Development
296087,Eran,Kemmerer,Development
296102,Howell,Christ,Development
296236,Susumu,Veevers,Development
296142,Tokuyasu,Parveen,Development
296288,Muzhong,Vecchi,Sales
296471,Marlo,Scallan,Development
296354,Lorien,Cappelletti,Development
296361,Yonghoan,Broomell,Development
296375,Maren,Tzvieli,Sales
296381,Henk,Matteis,Development
296480,Duro,Klassen,Development
296481,Conal,Lunt,Development
296514,Zito,Underwood,Sales
296387,Yuguang,Riexinger,Sales
296401,Sverrir,Hashii,Development
296549,Pascal,Caine,Development
296432,Atreyi,Brendel,Sales
296569,Gila,Lindenbaum,Sales
296581,Karoline,Kakkad,Development
296589,Tran,Gammage,Development
296599,Lalit,Beilner,Development
296735,Satyanarayana,Iacovou,Sales
296619,Frederique,Brickell,Development
296625,Goa,Erdi,Sales
296763,Aran,Brookman,Sales
296637,Francoise,Daescu,Development
296653,Emran,McClure,Development
296662,Kagan,Kavraki,Development
296790,Shaleah,Oppitz,Development
296671,Piyawadee,Jiafu,Development
296821,Charlene,Cooman,Sales
296693,Khedija,Lunn,Development
296708,Odinaldo,Siepmann,Development
296724,Sajjad,Osgood,Development
296825,Hongzue,Iivonen,Development
296848,Jianhua,Kermarrec,Sales
296857,Toshimo,Reghbati,Sales
297026,Niranjan,Schaar,Sales
296882,Vugranam,Armand,Development
296884,Nevin,Krichel,Development
296906,Fumiyo,Gips,Sales
296907,Valery,Wolniewicz,Sales
296911,Yefim,Heinisuo,Development
296924,Masanao,Ciolek,Development
297061,Gita,Kumaresan,Development
297081,Heeju,Glowinski,Development
297100,Bangqing,Schaap,Sales
297117,Horward,Gist,Sales
297120,Oscal,Usdin,Development
297122,Jiann,Murthy,Development
297135,Bezalel,Acton,Development
297167,Dipayan,Ligten,Development
297169,Vincent,Rousseau,Sales
297178,Chenyi,Vural,Development
297150,Sreenivas,Puppe,Development
297182,Zdislav,Lodder,Development
297300,Gill,Lubachevsky,Development
297201,Adamantios,Rahier,Development
297219,Rajmohan,Itzfeldt,Sales
297229,Yahiko,Emmart,Development
297307,Michaela,Trelles,Sales
297314,Tetsushi,Junet,Development
297254,Kazuhito,Ressouche,Development
297328,Irene,Serov,Development
297270,Masoud,Zucker,Sales
297343,Xianlong,Kinley,Development
297281,Hidekazu,Terekhov,Sales
297381,Gio,Muhling,Sales
297390,Eishiro,Takanami,Development
297405,Susanna,Eterovic,Development
297451,Randy,Hofmeyr,Development
297455,Candido,Boudaillier,Development
297406,Shaowei,Pleszkun,Development
297580,Zhonghui,Seiwald,Sales
297469,Zito,Weedon,Development
297510,Gift,Restivo,Sales
297592,Goncalo,Baezner,Sales
297515,Florina,Erni,Development
297594,Atreye,Picht,Sales
297653,Basem,Thombley,Development
297552,Claudi,Buchter,Sales
297558,Sushant,Candan,Development
297671,Yoshimitsu,Highland,Sales
297728,Toshimitsu,Woycyznski,Development
297740,Dhritiman,Masamoto,Sales
297694,Armond,Simmel,Development
297778,Gaurav,Riefers,Sales
297717,Nahid,Karnin,Sales
297795,Aksel,Baez,Sales
297798,Hideo,Collavizza,Development
297879,Percy,Claffy,Development
297882,Candida,Straney,Sales
297888,Chaosheng,Bennis,Development
297895,Fen,Hebden,Sales
297908,Hinrich,Peha,Sales
297968,Bedrich,Schauser,Development
298036,Ung,Trachtenberg,Development
298077,Marek,Berztiss,Sales
297980,Danai,Angiulli,Development
298087,Huican,Pluym,Development
298090,Otilia,Pelc,Sales
298093,Masanao,Birke,Sales
297987,Abdulla,Taubenfeld,Development
298208,Roddy,Lipner,Sales
298137,Cathie,Bashian,Sales
298145,Lubomir,Fadgyas,Sales
298308,Martijn,Lamparter,Development
298313,Hitofumi,Peris,Development
298325,Felicidad,Iisaku,Development
298333,Huican,Basart,Sales
298335,Guozhong,Ramsay,Development
298358,Mingzeng,Chartres,Development
298232,Huai,Keohane,Development
298408,Fusako,Pardalos,Development
298247,Shan,Comyn,Sales
298253,Sven,Shinomoto,Development
298276,Zito,Sgarro,Development
298277,Mary,Uludag,Sales
298592,Jiann,Bakhtari,Development
298480,Kristinn,Perez,Development
298486,Volkmar,Katalagarianos,Development
298491,Huiqun,Giaccio,Development
298660,Idoia,Capobianchi,Development
298669,Shigenori,Chappelet,Development
298671,Sukumar,Codenie,Development
298693,Taiji,Basawa,Development
298700,Teunis,Monkewich,Sales
298701,Jayson,Quittner,Development
298704,Cedric,Bach,Sales
298859,Shuji,Dehkordi,Sales
298770,Panayotis,Heping,Development
298872,Weijing,Narwekar,Development
298794,Mohit,Rothe,Sales
298796,Rimli,Perri,Development
298802,Shan,Muchinsky,Sales
298910,Toshimo,Schneeberger,Development
298835,True,Scallan,Development
298923,Shigehiro,Randt,Development
298850,Yuqun,Sudkamp,Development
298924,Noritoshi,Thombley,Development
298927,Maha,Gomatam,Development
298930,Dinah,Mellouli,Development
298950,Mabry,Armand,Development
298964,Selwyn,Gronowski,Development
298966,Renee,Honiden,Development
299033,Fei,Gente,Sales
298968,Muneo,Farris,Development
298975,Saddek,Covnot,Sales
298992,Kauko,Guenter,Development
299059,Kauko,Auyong,Development
299061,Margareta,Krogh,Development
299162,Rutger,Georgakopoulos,Sales
299069,Lijia,Jahnichen,Development
299091,Kinh,Angel,Development
299095,Zhenbing,Merlo,Sales
299217,Zhonghui,Sinicrope,Sales
299130,Vitaly,Chenney,Development
299219,Fan,Gunderson,Development
299285,Conal,Baby,Development
299225,Hilari,Lorho,Sales
299228,Filipp,Thisen,Development
299304,Geoffry,Khalid,Sales
299230,Mohamadou,Rothenberg,Development
299307,Mara,Stavenow,Sales
299462,Chenye,Barinka,Development
299313,Shuzo,Sadowski,Sales
299329,Maja,Brattka,Sales
299358,Karlis,Ertl,Development
299384,Dipankar,Schiettecatte,Development
299401,Gian,Bolsens,Sales
299416,Sadegh,Luit,Development
299421,Heeju,Naudin,Development
299470,Giap,Rousseau,Development
299489,Izaskun,Bottner,Development
299512,Xudong,Rusmann,Sales
299569,Siamak,Casperson,Development
299521,Yuqun,Khalid,Development
299525,Yagil,Gornas,Development
299601,Keung,Hanabata,Sales
299540,Shigehito,Holburn,Sales
299608,Sudharsan,Schapiro,Sales
299565,Shunichi,Hinsberger,Development
299634,Freyja,Frezza,Sales
299642,Chaosheng,Bratsberg,Sales
299709,Jinxi,Marrevee,Sales
299658,Jaber,Schiper,Sales
299725,Aamer,Holburn,Development
299786,Dietrich,Vanwelkenhuysen,Sales
299688,Herbert,Plumb,Development
299704,Zhilian,Schmittgen,Development
299794,Feipei,Birta,Sales
299796,Duro,Reinhart,Sales
299814,Kiam,Ritzmann,Sales
299882,Macha,Cangellaris,Development
299827,Shalesh,Perelgut,Sales
299901,Gianluca,Decaestecker,Development
299833,Ingemar,Slobodova,Development
299909,Narain,Gunderson,Sales
299844,Nalini,Scallan,Development
400033,Munir,Chenney,Development
299950,Tran,Frolund,Development
299970,Yuping,Pargaonkar,Sales
299974,Garnet,Ranum,Development
400084,Zorica,Schmittgen,Development
400162,Arvind,Berendt,Development
400299,Anneke,Haraldson,Sales
400172,Xiahua,Bridgland,Development
400173,Udi,Mandell,Development
400203,Marl,Neimat,Development
400208,Mrinalini,Schwartzburd,Development
400223,Angel,Mukaidono,Development
400232,Mori,Merle,Development
400242,Hairong,Prochazka,Sales
400267,Shaleah,Sadowski,Development
400339,Shaibal,Varley,Sales
400425,Stamatina,Pileggi,Sales
400340,Gio,Famili,Sales
400341,Shen,Unni,Development
400355,Nathalie,Peek,Sales
400387,Boaz,Spinelli,Sales
400466,Aran,Syrotiuk,Development
400472,Leen,Sinitsyn,Sales
400478,Rafols,Lund,Sales
400396,Garnet,Servieres,Development
400495,Jixiang,Pero,Development
400497,Shigeaki,Schaar,Sales
400500,Mara,Mondadori,Development
400400,Weiru,Stassinopoulos,Development
400565,Mark,Rusterholz,Sales
400514,Baruch,Curless,Development
400522,Tsutomu,Lenart,Sales
400569,Temple,Lores,Development
400555,Percy,Baer,Development
400561,Doowon,Thambidurai,Development
400570,Neelam,Ghandeharizadeh,Development
400592,Monique,Swist,Sales
400608,Tsz,Butner,Development
400725,Conor,Wegerle,Development
400614,Shietung,Potthoff,Development
400639,Gilbert,Birge,Development
400764,Shay,Melton,Sales
400809,Hisao,Fujisawa,Sales
400650,Alselm,Attimonelli,Development
400667,Remmert,Uludag,Development
400680,Ewing,Gerteisen,Sales
400696,Lillian,Orlowska,Development
400702,Edwin,Yamaashi,Development
401010,Richara,Terkki,Sales
400950,Otmar,Erie,Sales
400957,Yakkov,Worfolk,Development
401017,Shigeu,Provine,Sales
400966,Izaskun,Percebois,Sales
400975,Toshiko,Gniady,Sales
401031,Xumin,Butner,Development
400983,Itzchak,Rabehasaina,Development
401085,Weiye,Brobst,Development
401157,Zhanqiu,Sewelson,Sales
401160,Yinghua,Halevi,Development
401086,Lorien,Linares,Sales
401091,Kwangho,Gecsei,Development
401179,Conrado,Kalloufi,Sales
401108,Takahito,Kropp,Sales
401201,Felicidad,Narahari,Development
401125,Josyula,Rothe,Sales
401279,Badri,Farris,Development
401261,Phule,Szilard,Sales
401281,Guozhong,Journel,Development
401326,Zorica,Cullers,Sales
401339,Xuejun,Demeyer,Development
401448,Shunichi,Ranta,Development
401564,Frederique,Peha,Development
401474,Keung,Monkewich,Development
401522,Richard,Stifter,Sales
401528,Djenana,Piazza,Development
401583,Lucian,Gips,Sales
401599,Erzsebet,Varker,Development
401701,Lucien,Baba,Development
401634,Basant,Jeansoulin,Development
401749,Kiyotoshi,Biron,Sales
401657,Huican,Cooley,Development
401759,Kinh,Ramsay,Sales
401775,Mong,Parfitt,Development
401678,Tomofumi,Frijda,Sales
401785,Takanari,Genin,Development
401799,Neven,Redmiles,Development
401694,Tze,Veccia,Development
401817,Ayakannu,Samarati,Sales
401843,Masami,Miyakawa,Development
401839,JoAnne,Makrucki,Development
401846,Lunjin,Jakobus,Development
401863,Ghassan,Wolniewicz,Development
401983,Pranay,Mamelak,Sales
401865,Eberhardt,Emmart,Sales
401897,Hauke,Collette,Sales
402010,Huican,Conta,Development
402011,Bodo,Hatcliff,Sales
402017,Phuoc,Saoudi,Development
402019,Gian,Ibel,Development
401900,Moon,Waymire,Sales
402035,Shalesh,Back,Development
401903,Jingling,Kisuki,Development
402040,Morrie,Azadmanesh,Development
401908,Mohua,Bolotov,Development
401916,Chinhyun,Itzigehl,Sales
402051,Teruyuki,Comyn,Development
402056,Bezalel,Larfeldt,Sales
401929,Yolla,Ramras,Sales
402073,Moss,Camurati,Sales
401935,Vincent,Dahlbom,Development
401955,Marie,Peak,Sales
402095,Shigeichiro,Godskesen,Development
402331,Hidefumi,Bhattacharjee,Sales
402115,Izaskun,Rijckaert,Sales
402119,Luise,Haldar,Development
402349,Harngdar,Lipner,Sales
402201,Youssef,Grabner,Sales
402379,Piyush,Setiz,Development
402225,Tsutomu,Jiang,Development
402241,Akhilish,Mukaidono,Development
402386,Saniya,Soicher,Sales
402256,Nalini,Gini,Development
402406,Mats,Larfeldt,Sales
402557,Bernardo,Ozeki,Development
402424,Shushma,Khalil,Development
402574,Chikako,Birge,Sales
402425,Jeanna,Kemmerer,Development
402430,Atreye,Ernst,Sales
402585,Adamantios,Swick,Sales
402591,Larisa,Rosaz,Development
402606,Goh,Ozeri,Development
402486,Krassimir,Scharstein,Development
402652,Zhigen,Toyoshima,Sales
402533,Martins,Rijckaert,Development
402670,Demos,Lorys,Development
402857,Fei,Kaiserswerth,Development
402697,Elliott,Stafford,Development
402736,Pohua,Thibadeau,Development
402888,Szabolcs,Kawashimo,Development
402752,Seshu,Streit,Development
402900,LiMin,Choobineh,Sales
402772,Berthier,Cronau,Development
402780,Isamu,Perko,Sales
402920,Peternela,Bernardinello,Sales
402941,Yuqun,Himler,Development
402942,Adamantios,Ligten,Sales
403220,Subhankar,Flexer,Development
403025,Atilio,Janetzko,Development
403027,Dulce,Mahnke,Development
403038,Mitsuyuki,Facello,Sales
403052,Tsz,Boyle,Sales
403057,Toney,Falster,Development
403064,Berto,Kornyak,Development
403085,Halsur,Irland,Development
403243,Shigeo,Erez,Development
403116,Perla,Shinomoto,Development
403247,Alejandra,McFarlin,Development
403404,Alair,McClure,Development
403270,Waiman,Cooman,Sales
403285,Geoff,Alameldin,Sales
403296,Seongbae,Backhouse,Sales
403405,Manibrata,Clouatre,Development
403409,Fumino,Iivonen,Development
403411,Bingning,Kadhim,Development
403424,Genta,Demeyer,Sales
403457,Aloke,Percebois,Development
403339,Yahiko,Reinhart,Development
403362,Arfst,Staylopatis,Development
403469,Moon,Poehlman,Sales
403379,Guozhong,Setia,Development
403472,Mart,Christ,Development
403477,Herbert,Rajaraman,Sales
403485,Jeane,Larfeldt,Sales
403488,Chinya,Crelier,Sales
403501,Hatsukazu,Fujisaki,Sales
403552,Gaetan,Selvestrel,Sales
403556,Mokhtar,Nitsch,Development
403565,Zhigen,Kalafatis,Development
403593,Lucian,Anandan,Development
403690,Phillip,Doering,Development
403647,Weiwu,Chelton,Development
403667,Shimshon,Georgakopoulos,Development
403700,Cedric,Picco,Sales
403740,Yakkov,Garnick,Development
403836,Heng,Syrotiuk,Sales
403756,Parke,Schonegge,Development
403859,Arunachalam,Roison,Development
403860,Pragnesh,Senzako,Sales
403866,Vasilii,Slutz,Development
403867,Valeri,Chartres,Sales
403798,Achilleas,Wissmann,Development
403888,Qunsheng,Karner,Sales
403806,Phillip,Piveteau,Development
403820,Toshimori,Ratzlaff,Development
403936,Jianwen,Kuzuoka,Development
403940,Christoper,Gustavson,Development
403979,Xinglin,Morrin,Sales
403959,Aleksander,Androutsos,Sales
403970,Prasadram,Dusink,Development
403998,Yucel,Peroz,Development
404009,Irena,Codenie,Sales
404123,Arfst,Encarnacion,Sales
404014,Djelloul,Improta,Sales
404140,Gou,Kroft,Development
404029,Yinlin,Zizka,Sales
404055,Weiru,Belinskaya,Sales
404171,Richara,Berstel,Sales
404179,Susuma,Bodoff,Development
404057,Boaz,Decaestecker,Development
404188,Wojceich,Schaar,Development
404061,Moty,Denny,Development
404074,Horward,Moehrke,Development
404209,Shakhar,Buescher,Sales
404089,Yunming,Kaiserswerth,Development
404223,Erzsebet,Demian,Development
404233,Baziley,Nivat,Sales
404234,Khoa,Nastansky,Sales
404097,Shigeu,Validov,Development
404105,Minghong,Cyre,Sales
404430,Turgut,Stassinopoulos,Development
404449,Xiaoqiu,Schnelling,Development
404302,Miomir,Baar,Sales
404307,King,Lakshmanan,Development
404470,Chikara,Schrift,Development
404493,Tadahiko,Ranta,Development
404749,Jaewoo,Reeken,Development
404542,Kellyn,Pellegrinelli,Development
404611,Marc,Griswold,Development
404750,Shahaf,Heiserman,Development
404767,Laurentiu,Lieblein,Sales
404789,Shuichi,Mandell,Development
404813,Takushi,Yurek,Development
404980,Nitsan,Muchinsky,Sales
404996,Gay,Baig,Sales
404855,Georgy,Hiraishi,Development
405023,Radhia,Leivant,Sales
404858,Moty,Srimani,Development
404859,Koldo,Gelosh,Sales
404875,Khatoun,Meszaros,Sales
404878,Syozo,Schaaf,Sales
404890,Snehasis,Schreiter,Sales
405092,Yonghong,Hutton,Sales
404894,Weicheng,Herath,Development
404902,Bader,Mapelli,Development
405096,Lubomir,Suermann,Development
405104,IEEE,Georgakopoulos,Development
405248,Susanne,Eugenio,Development
405107,Claudi,Deville,Sales
405264,Moto,Schahn,Sales
405123,Zeljko,Walstra,Sales
405283,Munehiko,Schueller,Development
405140,Stella,Adachi,Development
405288,Atreyi,Eldridge,Sales
405170,Mrinalini,Rahier,Development
405294,Shigenori,Basawa,Sales
405175,Ulises,Smeets,Sales
405301,Mayuri,Kulisch,Sales
405337,Hideyuki,Sessa,Development
405199,Gou,Antonisse,Sales
405203,Muneo,Panienski,Development
405204,Kwan,Bade,Development
405382,Kamakshi,Mansanne,Sales
405386,Sakthirel,Vigier,Development
405397,Arne,Poujol,Development
405536,Gor,Baaz,Development
405403,Vojin,Pusterhofer,Sales
405404,Zhenbing,Pehl,Development
405431,Gina,Pepe,Development
405577,Mads,Middleton,Development
405443,Younwoo,Fraisse,Development
405453,Surveyors,Peres,Sales
405583,Gretta,Reeker,Sales
405591,Kellyn,Gulik,Development
405489,Weidon,Merks,Development
405599,Margo,Godskesen,Sales
405496,Uriel,Pramanik,Development
405608,Wilmer,Zallocco,Development
405630,Takahiro,Vidya,Sales
405523,Steen,Conti,Development
405667,Makato,McDermid,Sales
405693,Cathie,Calkin,Development
405832,Dante,Bellone,Development
405705,Mitchel,Gruenwald,Sales
405707,Kaijung,Vural,Development
405714,Geoffry,Hofting,Sales
405736,Zhigen,Birdsall,Sales
405746,Heon,Mondadori,Sales
405753,Kotesh,Nations,Development
405833,Sudhanshu,Kampfer,Sales
405848,Constantino,Zschoche,Development
405765,Ult,Schach,Sales
405850,Wayne,Ghazalie,Development
405870,Goetz,Honiden,Development
405786,Unal,Cangellaris,Development
405888,Leucio,Alpay,Sales
405903,Sanjeeva,Heiserman,Development
405924,Udi,Nooteboom,Development
405931,Werner,Hebert,Sales
405934,Xiaoqiu,Soloway,Development
406009,Nigel,Portugali,Development
405940,Kaijung,Crouzet,Development
406119,Vidar,Gist,Development
406120,Leah,Merro,Development
406131,Ibibia,Kuhnemann,Development
406088,Uzi,Henders,Sales
406095,Sushant,Marchesini,Sales
406175,Masako,Tsunoo,Development
406183,Qunsheng,Schnelling,Development
406269,Bangqing,Zastre,Sales
406206,Garnet,Heemskerk,Sales
406289,Aral,Kuzuoka,Sales
406293,Rosita,Gurbaxani,Sales
406304,Kauko,Francisci,Sales
406310,Fuqing,Glowinski,Development
406318,Hitomi,Gunderson,Development
406325,Jeong,Kawashimo,Development
406344,Seshu,Grabner,Development
406356,Otmar,Fujisaki,Development
406376,Weiru,Schaaf,Sales
406216,Qiwen,Ciolek,Sales
406228,Hongzue,Decleir,Development
406238,Navin,Range,Development
406569,Shmuel,Underwood,Development
406416,Erez,Birsak,Development
406420,Gaetan,Thummel,Development
406422,Udo,Rikino,Sales
406428,Subir,Otillio,Development
406436,Ugo,Leonhardt,Development
406440,Moty,Parveen,Sales
406457,Kwun,Farrag,Development
406587,Xuejia,Anick,Sales
406588,Arto,Ozeki,Development
406495,Pintsang,Bernardeschi,Development
406611,Rafols,Vrecion,Development
406516,Juyoung,Lamba,Sales
406521,Lunjin,Zongker,Development
406622,Duri,Pollock,Development
406843,Troy,Pargaonkar,Development
406672,Rosella,Demos,Development
406703,Foong,Cherinka,Development
406713,Zhonghua,Peha,Development
406739,Demin,Baby,Development
406853,Sachio,Couchot,Development
406752,Masaru,Antonakopoulos,Sales
406854,Reinhold,Besancenot,Development
406884,Xiping,Peltason,Sales
406768,Fumiko,Montresor,Development
406779,Yagil,Mandelberg,Development
406888,Oddvar,Warwick,Development
406922,Denis,Piazza,Development
406803,Takanari,Baba,Development
406806,Shichao,Plavsic,Development
406935,Arunachalam,Jansen,Development
407116,Bokyung,Lorho,Sales
406957,Sangeeta,Rosin,Development
406973,Adly,Weedon,Sales
406980,Jacopo,Panangaden,Sales
406999,Jasminko,Srimani,Development
407007,Bluma,Shobatake,Development
407013,Oldrich,Jiafu,Development
407125,Gila,Taneja,Sales
407027,Bernardo,Karner,Development
407133,Terresa,Benzmuller,Development
407137,Elliott,Morrey,Sales
407185,Xinyu,Christianini,Development
407051,Mads,Azuma,Development
407071,Cordelia,Matheson,Sales
407219,Ramachenga,Eldridge,Development
407229,Narain,Ballarin,Development
407382,Moon,Sadowsky,Sales
407389,Garnet,Fordan,Development
407398,Uwe,Azuma,Sales
407411,Shaowei,Baby,Development
407327,Zdislav,Kaelbling,Development
407413,Filipe,Driscoll,Development
407421,Shigehito,Penn,Development
407424,Sastry,Hoppenstand,Development
407368,Morris,Garnick,Sales
407435,Fumiya,Ellozy,Development
407454,Masato,Braccini,Development
407487,Aloys,Frezza,Development
407499,Suebskul,Schapire,Development
407562,Bodh,Budinsky,Sales
407504,Shigehiro,Levasseur,Sales
407671,Achilleas,Lanteri,Development
407594,Carrsten,Cannard,Sales
407730,Marlo,Vilarrasa,Sales
407636,Fumino,Dulay,Sales
407642,Jiakeng,Oberman,Development
407649,Uriel,Waeselynck,Sales
407653,Hitomi,Baezner,Sales
407766,Yoshinari,Schmittgen,Sales
407802,Sadun,Zedlitz,Development
407803,Khatoun,Chaudhury,Sales
407770,Jackson,Szilard,Development
407951,Youngkon,Olano,Sales
407972,Sachar,Huxford,Development
407886,Shmuel,Riexinger,Sales
407896,Shai,Staudhammer,Development
407983,Khun,Plotkin,Development
407991,Marco,Redmiles,Sales
408006,Hinrich,Gniady,Development
408228,Valeska,Rosen,Development
408113,Lidong,Gips,Development
408137,Sakthirel,Rousseau,Development
408167,Greger,Demizu,Sales
408181,Zhigen,Emden,Sales
408247,Tamiya,Stenning,Sales
408194,Patricio,Kawashima,Development
408197,Dietrich,Zultner,Sales
408208,Xuejia,Senzako,Sales
408212,Tomofumi,Potthoff,Development
408216,Shridhar,Acton,Sales
408217,Eben,Schneeberger,Development
408251,Christ,Erdmenger,Development
408257,Moriyoshi,Rusterholz,Development
408267,Uri,Lieblein,Development
408277,Bokyung,Baez,Sales
408299,Hatsukazu,Litecky,Development
408317,Roselyn,Unno,Development
408324,Shigehito,Argence,Sales
408328,Karlis,Melton,Sales
408339,Yolla,Seiwald,Sales
408464,Leandro,Dalphin,Development
408348,Syozo,Zeilberger,Sales
408470,Brendon,Schueller,Development
408474,Rosli,Krohn,Sales
408363,Tsutomu,Gente,Sales
408662,Rildo,Erva,Development
408690,Vidya,Terekhov,Development
408536,Kotesh,Saoudi,Sales
408551,Abdulah,Schiper,Sales
408557,Anwar,Reinhart,Development
408721,Moss,Bottner,Sales
408577,Ibibia,Schwabacher,Sales
408742,Janalee,Aumann,Development
408589,Chikako,Pietrzykowski,Development
408591,Lorien,Pouyioutas,Development
408592,Neelam,Itzigehl,Development
408608,Hyuncheol,Skafidas,Sales
408763,Kerryn,Tzvieli,Development
408613,Mart,Angelov,Development
408621,Masaru,Jiang,Sales
408771,Chanjung,Munro,Sales
408938,Along,Klerer,Development
408807,Hsiangchu,Tanemo,Sales
408822,Baziley,Farrag,Sales
408825,Alair,Nitta,Development
408867,Renee,Gente,Sales
408868,Tuval,Milicic,Sales
408870,Duke,Molenkamp,Development
408948,Arve,Munoz,Development
408956,Claudi,Zlotek,Sales
408959,Richard,Linnainmaa,Sales
408967,Prasadram,Gomatam,Development
408922,Bernardo,Gulak,Development
408986,Yannik,Kilgour,Development
409011,Ramya,Morton,Sales
409028,Steve,Hebden,Sales
409120,Panayotis,Sifakis,Sales
409121,Jaewon,Unno,Development
409039,Sergi,Smeets,Sales
409123,Abdelwaheb,Schaft,Development
409072,Vatsa,Kroha,Development
409145,Steve,Merey,Development
409153,Arie,Backhouse,Sales
409162,Nevio,Narwekar,Sales
409236,Wilmer,Cannane,Development
409188,Xianlong,Bonifati,Development
409256,Zine,Herbst,Development
409267,Zijian,Roisin,Development
409274,Jacqueline,Carrera,Sales
409385,Jolita,Speel,Sales
409303,DeForest,Gulik,Sales
409321,Kiyotoshi,Isaac,Development
409451,Sudhanshu,Eterovic,Development
409518,Duangkaew,Nitto,Development
409522,Gadiel,Cheshire,Development
409551,Iara,Stentiford,Sales
409656,Oksana,Krychniak,Development
409673,Otilia,Reistad,Development
409563,Yongmin,Sidhu,Development
409694,Chenye,Aloisi,Development
409607,Qiwen,Woycyznski,Sales
409717,Xiaoqiu,Zyda,Development
409726,Kyoichi,Makrucki,Development
409731,Djenana,Ranft,Development
409738,Torsten,Hainaut,Development
409625,Serif,Lindenbaum,Development
409626,Danny,Picci,Sales
409648,Kenton,Mukaidono,Development
409767,Maja,Ruther,Sales
409777,Jenwei,Beerel,Sales
409841,Dharmaraja,Brodal,Sales
409935,Howell,Gronowski,Development
409948,Gad,Daescu,Development
410106,Ger,Mungall,Sales
409983,Yinghua,Bach,Sales
410009,Hausi,DuBourdieux,Development
410011,Lunjin,Selvestrel,Sales
410029,Martins,Lung,Development
410117,Fumiyo,Beausoleil,Sales
410148,Alagu,Stanger,Development
410255,Somnath,Anguita,Sales
410184,Sandeepan,Mondadori,Development
410262,Tristan,Nergos,Development
410265,Alper,Beausoleil,Sales
410201,Hein,Prenel,Development
410304,Gaurav,Encarnacion,Development
410307,Aleksander,Simmen,Sales
410365,Mayuko,Eldridge,Sales
410347,Marsja,Zschoche,Development
410356,Yongqiao,Belinskaya,Sales
410418,Adas,Dahlbom,Development
410514,Bernice,Compeau,Development
410436,Uriel,Perfilyeva,Development
410444,Khoa,Hasham,Development
410553,Sanjay,Varman,Development
410668,Yishay,McDermid,Development
410581,Yannik,Oxenboll,Development
410609,Kannan,Scallan,Development
410618,Boutros,McConalogue,Development
410638,Baoqiu,Lieberherr,Development
410706,Dhritiman,Dymetman,Development
410794,Sangeeta,Cyne,Development
410795,Kaijung,Plessier,Development
410720,Akeno,Pargas,Sales
410799,Paddy,Bernick,Development
410813,Eckart,Monarch,Development
410733,Gill,Passafiume,Sales
410824,Satosi,Warwick,Sales
410744,Murthy,Papsdorf,Sales
410775,Luerbio,Thebaut,Sales
410857,Anestis,Lamba,Sales
410936,Shaunak,Christ,Development
410890,Mads,Gelosh,Sales
410902,Masaki,Perng,Development
410938,Kensyu,Borstler,Sales
410966,Juichirou,Cooman,Sales
411024,Bowen,Syrzycki,Sales
411081,Zeydy,Selvestrel,Development
411103,Muzhong,Uchoa,Development
411030,Slavian,Kulisch,Development
411137,Nadjib,Levasseur,Development
411139,Muneo,Sevcikova,Sales
411036,Florina,Hofstetter,Development
411055,Pragnesh,Yurek,Development
411155,Ult,Kavanagh,Development
411252,Gaetan,Stafford,Sales
411177,Goa,Gien,Development
411255,George,Lores,Development
411284,Perry,Lubachevsky,Development
411377,Arto,Junet,Sales
411290,Turgut,Fabrizio,Development
411302,George,Negoita,Development
411512,Mats,Cappelli,Sales
411437,Zhilian,Kriebel,Development
411447,Brewster,Bernick,Development
411482,Shaunak,Petersohn,Development
411484,Arvin,Bain,Development
411643,Kankanahalli,Billawala,Sales
411544,Byong,Legleitner,Sales
411644,Yonghoan,Collette,Sales
411654,Shahid,Swick,Development
411655,Nahum,Valette,Development
411545,Pranav,Sadowsky,Development
411684,Mara,Ravishankar,Development
411626,Georg,Angiulli,Development
411752,Remko,Nitsche,Development
411759,Prasadram,Biros,Development
411962,Tooru,Murillo,Sales
411971,Sugwoo,Magalhaes,Development
411834,Fusako,Beetstra,Sales
411990,Luigi,Renear,Sales
411858,Weiye,Baaz,Sales
411994,Lihong,Czap,Development
411863,Eberhardt,Dratva,Sales
411869,Serenella,Sherertz,Sales
412010,Taegyun,Pietrzykowski,Development
411879,Amstein,Kulisch,Sales
412012,Mara,Anandan,Sales
411891,Karsten,Beeson,Development
411897,Suebskul,Wilharm,Development
411900,Mari,Wynblatt,Sales
411905,Basim,Cronin,Sales
411908,Leaf,Fadgyas,Sales
412081,Tooru,Murthy,Development
412093,Avishai,Engelmann,Sales
412105,Teiji,Siksek,Sales
412129,Sanjeeva,Fortenbacher,Development
412141,Arun,Bernick,Sales
412155,Kwok,Hiraishi,Development
412164,Slavian,Merro,Sales
412166,Vesna,Hitomi,Sales
412183,Gou,Zyda,Development
412243,Sarita,Gammage,Sales
412282,Nitsan,Cromarty,Sales
412289,Golgen,Lorcy,Sales
412295,Bezalel,Scharstein,Sales
412303,Sanjai,Kusakari,Sales
412050,Marie,Malabarba,Sales
412319,Kazuhito,Ibel,Sales
412340,Alain,Litecky,Development
412520,Moon,Thiran,Sales
412350,Felicidad,Chiola,Development
412371,Elzbieta,Delgrossi,Sales
412560,Mari,Barinka,Sales
412403,Mingdong,Angot,Development
412412,Lijia,Lamba,Development
412592,Takahiro,Luit,Development
412444,Gio,Fritzsche,Development
412454,Dmitri,Fraisse,Development
412459,Iara,Stroustrup,Development
412595,Rasikan,Pearson,Development
412602,Kasidit,Akiyama,Development
412479,Bangqing,Talmon,Development
412800,Goetz,Peha,Sales
412631,Gian,Tetzlaff,Development
412655,Yuqun,Gniady,Sales
412869,Miomir,Chinin,Development
412667,Kaijung,Mapelli,Development
412702,Tran,Parhami,Sales
412705,Rosella,Rohrbach,Development
412912,Dmitry,Rousseau,Development
412737,Pantung,Beilner,Sales
412927,Marie,Yemenis,Development
412943,Siddarth,Hanabata,Development
412949,Falguni,Plotkin,Development
413066,Rayond,Neimat,Development
412951,Paris,Barriga,Sales
412974,Conor,Wursthorn,Development
412988,Odysseas,Fendler,Development
413001,Nitsan,Monkewich,Sales
413134,Sachem,Denos,Development
413141,Masamitsu,Erdi,Development
413146,Yifei,Peot,Development
413003,Yifei,Heyers,Development
413020,Luigi,Falby,Development
413160,Tadanori,Felcyn,Sales
413162,Turgut,Merks,Development
413166,Koldo,Salverda,Sales
413039,Diederik,Vesel,Development
413184,Moon,Asmuth,Sales
413396,Arumugam,Ullian,Development
413195,Sachin,Halloran,Development
413217,Phule,Waschkowski,Development
413410,Yongmao,Matzen,Development
413272,Xianlong,Comellas,Development
413420,Jeong,Lamba,Development
413441,Fumiko,Koshiba,Sales
413454,Haldon,Einsfeld,Development
413468,Kristina,Czaja,Development
413333,Martijn,Spell,Sales
413480,Mang,Peac,Development
413642,Elliott,Bergere,Sales
413496,Naftaly,Acton,Sales
413501,Visit,Hartvigsen,Sales
413644,Hatsukazu,Picht,Development
413650,Yuichiro,Koyama,Development
413668,Kwangyoen,Vuskovic,Sales
413566,Teunis,Massonet,Development
413671,Aral,Moehrke,Sales
413686,Youngkon,Oskamp,Development
413576,Susumu,Luce,Sales
413690,Alejandro,Radwan,Development
413708,Arnould,Krzyzanowski,Sales
413608,Mantis,Serra,Development
413755,Serap,Munke,Development
413611,Vasiliy,Granlund,Development
413624,Rayond,Simmel,Sales
413911,Siamak,Karlin,Development
413774,Jacqueline,Butterworth,Sales
413775,Kensyu,Heuser,Development
413791,Jiong,Zaumen,Sales
413914,Rajmohan,Covnot,Development
413801,Francesca,Beeson,Development
413919,Shushma,Nergos,Sales
413927,Erez,Ressouche,Development
413825,Divine,Ertl,Development
413930,Gil,Ferriere,Development
413833,Kannan,Krupka,Sales
413985,Neelam,Coombs,Sales
413876,Tianruo,Birrer,Sales
414208,Mingsen,Steenbeek,Development
414054,Yongdong,Suppi,Development
414088,Khun,Marakhovsky,Sales
414099,Sadok,Alpin,Development
414252,Sedat,Pouyioutas,Sales
414130,Etsuo,Gyimothy,Development
414131,Taisook,Neiman,Sales
414140,Leucio,Vickson,Sales
414147,Jianwen,Matzat,Development
414173,Gina,Jonsson,Sales
414255,Mats,Spelt,Sales
414180,Kinh,Dengi,Sales
414188,Taizo,Juneja,Sales
414256,Rosalie,Nannarelli,Development
414265,Shigeichiro,Cunliffe,Development
414269,Jamaludin,Flowers,Sales
414286,Remmert,Stiles,Development
414482,Maya,Baalen,Sales
414409,Boguslaw,Maksimenko,Development
414492,Emdad,Azevdeo,Development
414421,Shai,Griswold,Development
414501,Arto,Kobara,Development
414508,Yonghoan,Rosaz,Development
414442,Jiafu,Ashish,Development
414510,Zhonghui,Maksimenko,Development
414604,Pranjal,Snedden,Development
414472,Alassane,Roisin,Development
414645,Mingzeng,Boguraev,Sales
414666,Fai,Alpay,Sales
414608,Pranjal,Undy,Sales
414772,Fumiya,Raney,Development
414708,Gift,Wielonsky,Development
414721,Shigeu,Kieras,Sales
414841,Wuxu,Smeets,Development
414724,Phuoc,Bottner,Sales
414727,Rimli,Weisert,Development
414741,Branimir,Hasham,Development
414917,Chikara,Delgrange,Sales
414959,Tristan,Birta,Development
414962,Hilari,Denny,Development
414995,Pranas,Boyle,Development
415015,Anyuan,Pokrovskii,Development
415029,Masaki,Butner,Sales
415043,Zhenhua,Hopewell,Development
414844,Genevieve,Stroustrup,Development
414871,Chanjung,Glowinski,Development
415117,Sudhanshu,Gente,Sales
415124,Sugwoo,Dalphin,Development
415134,Conal,Minakawa,Sales
415204,Sachem,Kaltofen,Development
415152,Jongsuk,Danecki,Sales
415157,Insup,Ananiadou,Sales
415206,Takahiro,Heyers,Sales
415224,Rutger,Syrotiuk,Development
415251,Domenick,Noriega,Development
415343,Lobel,Marchegay,Development
415356,Mostafa,Hofting,Sales
415365,Dipankar,Negoita,Sales
415295,Tran,Katalagarianos,Sales
415374,Shushma,Hofting,Development
415375,Xinyu,Sgarro,Sales
415403,Uri,Masand,Sales
415404,Zhongwei,Gonthier,Development
415477,Serap,Cronau,Sales
415442,Udaiprakash,Passino,Development
415455,Kiyomitsu,Rosiles,Sales
415458,Dekang,Ponthieu,Sales
415481,Branimir,Ulupinar,Development
415486,Shahar,Comyn,Sales
415495,Kiam,Luef,Development
415615,Elvia,Bisiani,Development
415512,Marin,Sifakis,Development
415518,Jinpo,Nicolson,Development
415554,Goh,Panienski,Sales
415651,Zsolt,Klyachko,Development
415661,Fen,Schiper,Development
415555,Yuchang,Bala,Development
415558,Gurbir,Argence,Development
415574,Adas,Gimbel,Development
415696,Ute,Hofstetter,Development
415703,Martina,Axelband,Development
415577,Magdalena,Kumaresan,Development
415578,Nevin,Setia,Development
415716,Yucai,Ciolek,Development
415770,Shigenori,Murrill,Development
415731,Uta,Aloisi,Development
415741,Anneli,Suwa,Development
415773,Martien,Hartvigsen,Sales
415791,Sergi,Polupanov,Development
415904,Howell,Matzov,Development
415800,Otilia,Bratsberg,Sales
415912,Gadiel,Begiun,Development
415817,Wonhee,Hutter,Development
415924,Eran,Moehrke,Development
415859,Leon,Gonthier,Sales
415861,Marla,Dalton,Development
415865,Beshir,Fujisawa,Development
415867,Shuji,Erev,Sales
415994,Qunsheng,Flanders,Development
415890,Zhonghui,Melski,Development
416004,Huiqun,Uchoa,Development
416018,Fen,Aloia,Sales
416042,Katsuo,Lorcy,Development
416026,Inderjeet,Molenaar,Sales
416032,Patricio,Schicker,Sales
416044,Gro,Schaad,Development
416076,Kenton,Junet,Sales
416204,Amalendu,Murillo,Development
416096,Nobuyoshi,Ginneken,Development
416128,Uli,Wrigley,Development
416260,Flemming,Baezner,Development
416288,Ramalingam,Khalid,Development
416136,Yonghoan,Reinhard,Sales
416166,Yuriy,Rosenbaum,Sales
416312,Baruch,Petereit,Sales
416319,Duro,Chimia,Sales
416174,Shay,Kuhnemann,Development
416469,Kristina,Negoita,Sales
416330,Candida,Pollock,Sales
416470,Tzvetan,Katiyar,Sales
416487,Marsja,Anick,Sales
416518,Dzung,Rosenbaum,Development
416388,Gad,Leslie,Development
416396,Oldrich,Flanders,Sales
416559,Patricia,Zucker,Development
416568,Dannz,Usery,Development
416573,Berhard,Leaver,Development
416589,Jianhua,Bakhtari,Development
416606,Salvador,Sadowsky,Sales
416768,Yuchang,Chelton,Development
416623,Heeju,Keustermans,Development
416788,Apostol,Hoogerwoord,Sales
416663,Chiranjit,Beeson,Development
416795,Aksel,Wossner,Sales
416690,Ulf,Mahmud,Sales
416819,Ulf,Slutz,Development
416694,Ebru,Remmele,Development
416827,Nevio,Binkley,Development
416834,Angel,Riefers,Development
416836,Gino,Erev,Development
416864,Chiradeep,Shiratori,Sales
416879,Bluma,Schrooten,Sales
416899,Abdelghani,Heijenga,Development
416880,Shuichi,Felder,Sales
416920,Ekawit,Kossowski,Sales
417039,Chrisa,Feldmann,Sales
416924,Vishwani,Ambroszkiewicz,Sales
416948,Reinhard,Peac,Sales
417090,Takahira,Schaaf,Sales
416980,Qunsheng,Meszaros,Sales
417000,Baruch,Shokrollahi,Development
417120,Candido,Ghelli,Development
417123,Shao,Ramsak,Sales
417146,Anneke,Caine,Development
417190,Atreyi,Cooman,Sales
417170,Paloma,Delgrange,Development
417206,Ramachenga,Crouzet,Sales
417328,Xinyu,Molenaar,Sales
417247,Udaiprakash,Farrar,Development
417338,Huican,Staelin,Sales
417275,Mohammed,Middleton,Sales
417276,Howell,Deville,Development
417279,Mariangiola,Gischer,Development
417376,Leszek,Hertweck,Sales
417286,Mabo,Fordan,Development
417427,Doohun,Lores,Sales
417462,Yagil,Emmart,Development
417436,Avishai,Quittner,Development
417633,Aemilian,Cappelletti,Sales
417510,Yonghong,Ernst,Sales
417553,Moheb,Langford,Development
417555,Zejun,Coors,Development
417556,Hiroyasu,Zlotek,Development
417576,Adhemar,Murtagh,Sales
417586,Qiwen,Leslie,Sales
417595,Maik,Roccetti,Sales
417751,Saddek,Perelgut,Development
417776,Shuzo,Gruenwald,Development
417777,Vitali,Picel,Sales
417785,Suebskul,Ranst,Development
417796,Feipei,Nitta,Development
417807,Uinam,Doering,Sales
417826,Dung,Portugali,Development
417828,Marjo,Besancenot,Development
417830,Geoff,Androutsos,Sales
417841,Freyja,Sridhar,Sales
417842,Mart,Khalil,Development
417874,Sandeepan,McAlpine,Development
417876,Hirochika,Milicic,Development
417663,Muzhong,Stassinopoulos,Sales
417666,Heping,Ranst,Development
417674,Felicidad,Felcyn,Sales
417704,Sajjad,Erdmenger,Sales
417914,Brendon,Luck,Sales
417923,Jahangir,Negoita,Development
417705,Kousuke,Lammel,Sales
417940,Uri,Assaf,Sales
417944,Kristinn,Serra,Development
417718,Breannda,Chinin,Development
417721,Aron,Back,Development
417737,Ortrun,Picaronny,Sales
418039,Shuichi,Ramalingam,Sales
418000,Yuichiro,Alpin,Sales
418019,Kristina,Ecklund,Sales
418094,Mona,Kolvik,Sales
418095,Avishai,Azevdeo,Development
418125,Khun,Baar,Sales
418329,Aiichiro,Eiron,Sales
418254,Masamitsu,Beilner,Development
418339,Mamdouh,Wendorf,Development
418361,Oguz,Hagimont,Development
418386,Gianluca,Cannata,Development
418480,Ranan,Anguita,Development
418491,Aram,Constantine,Sales
418429,Zissis,Litvinov,Development
418515,Naftali,Chachaty,Sales
418526,Sajjad,Rubsam,Sales
418536,Mark,Weiland,Development
418542,Mong,Manderick,Development
418605,Flemming,Kornatzky,Development
418648,Stamatina,Maierhofer,Development
418659,Basim,Barreiro,Development
418671,Xiaoshan,Calkin,Sales
418799,Uzi,Kakkar,Sales
418683,Tsuneo,Lagarias,Sales
418811,Xiaopeng,Unni,Development
418703,Mabo,Cairo,Development
418835,Oguz,Bruckman,Sales
418855,Piyawadee,Granlund,Sales
418716,Marke,Linnainmaa,Sales
418857,Mani,Uehara,Sales
418870,Garnik,Dulli,Sales
418733,Barun,Velasco,Development
419062,Stafford,Walstra,Development
418901,Lucien,Kabayashi,Sales
418938,Elgin,Vrecion,Sales
419065,Arvind,Manderick,Sales
419084,Shen,Aamodt,Development
419123,Marit,Hutter,Development
418974,Dung,Sethi,Development
418986,Kwangho,Warwick,Development
419000,Subhada,Sluis,Sales
419135,Odysseas,Swen,Development
419136,Jagoda,Slaats,Development
419157,Visit,Ruemmler,Sales
419330,Kaijung,Einsfeld,Sales
419180,Shigeaki,Rettelbach,Development
419359,Arie,Slutz,Development
419365,Shuichi,Sommen,Development
419263,Wojceich,Ramsay,Development
419374,Yoshinari,Pollacia,Sales
419270,Fen,Kornyak,Development
419272,Waiman,Ghalwash,Development
419387,Frazer,Lichtman,Development
419282,Hatem,Schrooten,Development
419296,Fumiyo,Delgrande,Development
419593,Xiaoqiang,Reeken,Development
419463,Kinh,Rikino,Development
419469,Subhankar,Angot,Sales
419499,Honesty,Dulin,Development
419605,Jiakeng,Matzat,Development
419621,Mong,Marsiglia,Development
419521,Takushi,Furudate,Sales
419527,Idoia,Krybus,Development
419533,Ghassan,Ermel,Development
419534,Odoardo,Demizu,Development
419638,Lein,Birsak,Sales
419669,Florina,Monarch,Sales
419578,Elgin,Ullian,Sales
419717,Rosalie,Tsunoo,Development
419585,Ramachenga,Pezzoli,Sales
419726,Rosita,Bellone,Development
419748,Jixiang,Rindone,Development
419907,Tayeb,Rajaraman,Sales
419753,Divine,Ebeling,Development
419767,Uma,Penz,Sales
419770,Tadahiro,Weedman,Development
419781,Jordanka,Karnin,Sales
419787,Shahar,Bahl,Development
419911,Seongbin,Hofstetter,Sales
419818,Sanjoy,Emiris,Sales
419912,Jeanne,Kolvik,Development
419954,Yakkov,Katalagarianos,Development
419844,Yefim,Blokdijk,Sales
419960,Chikako,Heping,Development
419986,Cristinel,Belinskaya,Development
419992,Mototsugu,Kenevan,Sales
420030,Arun,Vidal,Sales
420032,Frederique,Godskesen,Development
420013,Pranav,Syang,Sales
420034,Pascal,Beilner,Sales
420053,Kaijung,Chimia,Development
420192,Tadahiro,Cooke,Development
420073,Spyrose,DeMori,Development
420074,Kerryn,Gire,Development
420092,Prodip,Impagliazzo,Development
420232,Claudi,Heystek,Sales
420242,Nalini,Hanratty,Development
420492,Arie,Versino,Development
420314,Oguz,Demke,Development
420315,Ziyad,Zallocco,Development
420352,Matk,Krohn,Sales
420358,Huei,Ressouche,Sales
420362,Uinam,Cooley,Sales
420363,Seongbae,Garrabrants,Sales
420390,Mostafa,Pillow,Sales
420394,Khun,Worfolk,Sales
420423,Niclas,Guerreiro,Development
420621,Stella,Erni,Development
420622,Susanna,Katzenelson,Sales
420647,Shooichi,Ranum,Development
420649,Vitali,Gyorkos,Development
420669,Alenka,Nollmann,Development
420682,Yurij,Krohn,Development
420684,Stein,Percebois,Sales
420499,Alenka,Picaronny,Sales
420710,Zhiwei,Sifakis,Development
420712,Josyula,Plump,Development
420509,Dzung,Mahmud,Sales
420520,Shan,Antonisse,Development
420522,Tua,Kadhim,Development
420532,Zdislav,Buchter,Development
420562,Anoosh,Danner,Sales
420874,Jinya,Hiyoshi,Sales
420809,Sverrir,Buchter,Development
420816,Vitali,Benner,Development
420822,Becky,Whitcomb,Development
420922,Peer,Schwartzburd,Sales
420853,Murthy,Bojadziev,Development
420933,Gila,Kroon,Development
420951,Moriyoshi,Ventosa,Sales
420960,Ebbe,Chenoweth,Development
421040,Chuanyi,Moehrke,Development
421043,Vidya,Piveteau,Development
420997,Maik,Gill,Development
421050,Zita,Olivero,Development
421051,Sachem,Wendorf,Development
421076,Clyde,Gecseg,Development
421172,Heejo,Danley,Sales
421089,Jouni,Peternell,Development
421108,Krister,Gulla,Sales
421111,Ziva,Benzmuller,Sales
421122,Danny,Schnelling,Sales
421133,Francesca,Brizzi,Development
421199,Irene,Laurillard,Development
421228,Kirk,Verhaegen,Development
421300,Arumugam,Chimia,Development
421304,Kwee,Acton,Development
421244,Ortrun,Ladret,Sales
421319,Ranga,Maccarone,Sales
421249,Francesca,Raoux,Development
421251,Fumitaka,Assaf,Sales
421347,Erzsebet,Bahk,Development
421455,Trygve,Feldmann,Development
421358,KayLiang,Litecky,Development
421364,Huican,Ramalingam,Sales
421376,Weijing,Ranon,Sales
421388,Elzbieta,Bernatsky,Sales
421392,Seongbin,Bazzichi,Development
421410,Xiaoshan,Schiper,Development
421461,Francoise,Veeraraghavan,Development
421465,Yongqiao,Pouyioutas,Development
421469,Seongbae,Oxenboll,Development
421484,Poornachandra,Masaki,Development
421490,Zsolt,Heering,Development
421526,Syozo,Christianini,Development
421540,Annemarie,Ranon,Sales
421654,Claude,Ciolek,Sales
421546,Barun,Flanders,Development
421549,Arvin,Remmers,Development
421570,Shuji,Taubenfeld,Sales
421697,Marko,Iwayama,Sales
421698,Flemming,Billawala,Sales
421712,Marla,Grandbois,Development
421575,JoAnne,Farrag,Development
421886,Holgard,Gelosh,Development
421730,Vishwani,Feldhoffer,Development
421740,Shin,Jarecki,Development
421749,Dietrich,Calkin,Development
421930,Chiradeep,Mateescu,Sales
421775,Gretta,Baak,Sales
421787,Yifei,Lunn,Development
421796,Yakkov,Apsitis,Sales
421948,Marl,Chorvat,Sales
421822,Mario,Rodham,Development
421956,Kotesh,Hedayat,Sales
421975,Hyuckchul,Eastman,Sales
421846,Gunilla,Einsfeld,Development
421849,Zhenhua,Pileggi,Development
421856,Mona,Suomi,Development
421986,Gritta,Furudate,Sales
421999,Mark,Perng,Development
422156,Chikara,Cardazo,Sales
422042,Domenick,Roisin,Development
422161,Malu,Riefers,Sales
422056,Wonhee,Murrill,Development
422057,Mahmut,Shiratori,Sales
422180,Dekang,Christ,Development
422066,Aleksander,Berendt,Development
422083,Fusako,Kowalchuk,Sales
422084,Guenter,Ranai,Sales
422184,Changho,Vesel,Development
422216,Toshimitsu,Felcyn,Development
422100,Kotesh,Aingworth,Development
422105,Yongdong,Zykh,Sales
422223,Zine,Madeira,Development
422227,Francoise,Brizzi,Development
422229,Subbu,Kawashima,Development
422241,Roselyn,Ponthieu,Development
422246,Francesca,Kusakari,Sales
422461,Ebbe,Beetstra,Development
422304,Manton,Warwick,Development
422323,Kauko,Luca,Development
422349,Mani,Straney,Sales
422363,Tetsurou,Pramanik,Sales
422470,Arvin,Androutsos,Sales
422380,Mamdouh,Kawashimo,Development
422389,Ramachenga,Suwa,Development
422390,Jiann,Gist,Development
422506,Patricio,Lambe,Sales
422393,Ramya,Schapire,Development
422537,Khue,Denis,Development
422573,Jianhao,Anily,Development
422577,Vasilis,Henseler,Development
422542,Bojan,Steenbeek,Sales
422587,Mohit,Speek,Development
422558,Aris,Negoita,Sales
422744,Francoise,Panwar,Development
422631,Richara,Lorin,Sales
422641,Padma,Hasham,Sales
422646,Alexius,Peltason,Development
422665,Arunachalam,Edelhoff,Sales
422775,Moto,Emmart,Development
422782,JiYoung,Czaja,Sales
422812,Akeno,Pashtan,Sales
422851,Basant,Muhlberg,Development
423005,Chenyi,Furedi,Sales
422906,Susumu,Denny,Development
423007,DAIDA,Przulj,Development
422938,Shuho,Taneja,Sales
423032,Yolla,Katiyar,Sales
423093,Dannz,Kadhim,Sales
422979,Kiyokazu,Shihab,Sales
423171,Francesca,Mandell,Sales
423191,Kasturi,Siksek,Development
423200,Doohun,Langford,Development
423226,Tadahiro,Szmurlo,Sales
423241,Nadjib,Litvinov,Development
423243,Gill,Lammel,Sales
423251,Maia,Zolotykh,Sales
423323,Aiman,Ventosa,Development
423326,Idoia,Cullers,Development
423126,Valeri,Scallan,Sales
423338,Chuanti,Rosiles,Sales
423371,Jamaludin,Qiwen,Sales
423424,Nobuyoshi,Foong,Development
423388,Hiroyasu,Byoun,Sales
423397,Masami,Ghelli,Development
423412,Kwok,Spelt,Development
423434,Uta,Shackell,Sales
423418,Guttorm,Brendel,Development
423443,Chenye,Camarinopoulos,Development
423454,Achilleas,Vandervoorde,Development
423464,Shiv,Rodier,Development
423466,Magy,Zhang,Development
423479,Rosine,Hambrick,Development
423592,Chenxi,Azuma,Sales
423596,Lokesh,Heystek,Sales
423484,Geoffrey,Mersereau,Sales
423526,Adly,Choobineh,Development
423607,Deborah,Suwa,Development
423543,Oldrich,Acton,Development
423669,Ung,Lakshmanan,Development
423720,Barry,Maierhofer,Sales
423689,Xudong,Schlumberger,Development
423691,Alain,Hanratty,Development
423702,Parke,Iivonen,Sales
423705,Christ,Kaelbling,Development
423738,Mantis,Weiland,Development
423756,Huican,Schlumberger,Development
423803,Xuejun,Beilner,Development
423893,Fumino,Gerteisen,Development
423907,Sanjit,Akaboshi,Sales
423917,Dines,Bouloucos,Development
423920,Mana,Thombley,Development
423807,Barry,Rikino,Sales
423939,Khatoun,Carrere,Development
423830,Maya,Menhoudj,Development
423966,Harjit,Badache,Sales
423991,Weicheng,Gargeya,Development
423982,Hidde,Boissier,Development
423986,Debatosh,Alvarado,Development
424037,Sumant,Langford,Sales
424134,Aleksandar,Wrigley,Development
424142,Turgut,Larfeldt,Development
424167,Kazuhiko,Hasham,Development
424043,Tetsurou,Gulik,Sales
424185,Sigeru,Khalid,Development
424085,Irene,Merks,Development
424189,Martijn,Denny,Development
424192,Boaz,Rosenbaum,Sales
424200,Shooichi,Yeung,Development
424230,Irena,Sridhar,Sales
424090,Inderjeet,Holburn,Sales
424099,Kwangyoen,Strandh,Sales
424252,Shirish,Bernardinello,Sales
424425,Fuqing,Isaac,Sales
424259,Seongbin,Bennis,Development
424298,Francesca,Chinin,Sales
424447,Irene,Miake,Sales
424452,Shalesh,Pero,Development
424461,Nitsan,Snyers,Development
424355,Szabolcs,Garrabrants,Development
424467,Udo,Hockney,Sales
424491,Caolyn,Munoz,Sales
424378,Sanjiv,Varman,Development
424379,Menkae,Murtagh,Development
424391,Marc,Skogmar,Sales
424497,Shahab,Maccarone,Development
424719,Feixiong,Curless,Development
424563,Rosli,Pileggi,Sales
424564,Kristina,Stasinski,Sales
424570,Gil,Klyachko,Sales
424576,Weiyi,Billingsley,Development
424581,Turgut,Christianini,Sales
424591,Abdelwaheb,Yeung,Sales
424593,Mohammed,Serra,Sales
424597,Wuxu,Hinsberger,Development
424619,Garnet,Kugler,Development
424724,Suebskul,Angelopoulos,Development
424744,Qingxiang,Butterworth,Development
424811,Tomokazu,Reutenauer,Sales
424677,Patricia,Karcich,Sales
424700,Dietrich,Kossowski,Development
424840,Mara,Bernardinello,Development
424995,Jouni,Bale,Sales
424876,Kazuyasu,Seuren,Development
424885,Zhensheng,Picco,Development
424900,Aemilian,Siksek,Development
424997,Heekeun,Anger,Development
424913,Almudena,Ravishankar,Development
424998,Demin,Schmezko,Development
425033,Ekawit,Waleschkowski,Sales
424937,Teunis,Buchter,Development
425092,Ebbe,Meszaros,Sales
424961,Yaghout,Morris,Sales
424980,Dekang,Badr,Development
425132,Christoper,Perry,Sales
425115,Naftali,Begiun,Development
425301,Sangeeta,Gien,Sales
425181,Roselyn,Foote,Development
425193,Thodoros,Cronau,Development
425304,Muzhong,McAffer,Development
425220,Xiadong,Anger,Sales
425328,Theron,Salvesen,Sales
425336,Poorav,Gammage,Development
425262,Thanasis,Rahier,Sales
425359,Jaideep,Marchegay,Sales
425370,Zijian,Hebert,Development
425388,Mohammad,Varker,Development
425400,Girolamo,Erdmenger,Development
425462,Keung,Sherertz,Sales
425599,Faiza,Perz,Development
425473,Giao,Cappelli,Sales
425474,Vishwani,England,Sales
425487,Kellyn,Egerstedt,Sales
425489,Toshimi,Nicolson,Development
425627,Guadalupe,Sewelson,Sales
425547,Remko,Hasham,Sales
425716,Khatoun,Merro,Development
425636,Danco,Picaronny,Sales
425637,Elrique,Kaelbling,Development
425735,Jaewoo,Vanwelkenhuysen,Development
425669,Stabislas,Wrigley,Development
425759,Tiina,Molberg,Sales
425689,Arnould,Bernini,Development
425785,Przemyslawa,Rijsenbrij,Sales
425796,Billie,Erman,Development
425806,Aemilian,Limongiello,Sales
425817,Cedric,Berstel,Development
425836,Alois,Schnabel,Development
425860,JoAnna,Bakhtari,Sales
425865,Yechezkel,Emmart,Development
425871,Weiye,Gimbel,Sales
425873,Visit,Conti,Sales
425894,Miomir,Plessier,Development
425914,Ishfaq,Melter,Development
425942,Frazer,Litvinov,Sales
425948,Bikash,Matzke,Development
425960,Elliott,Terkki,Sales
426187,Josyula,Mawatari,Development
425986,Rafael,Riefers,Sales
426010,Utpal,Koblitz,Sales
426052,Manohar,Morrow,Sales
426058,Kristin,Sifakis,Sales
426061,Mohan,Hutter,Development
426193,Huiqun,Rattan,Sales
426090,Weiru,Falck,Sales
426243,Randi,Cummings,Development
426099,Alair,Sherertz,Sales
426254,Jenwei,Kornyak,Development
426417,Alenka,Cardazo,Sales
426289,Ute,Maginnis,Development
426290,Serenella,Slobodova,Development
426428,Aloke,Bierbaum,Sales
426433,Danny,Welham,Sales
426449,Pragnesh,Waschkowski,Development
426346,Ranga,Petersohn,Development
426349,Alassane,Kaelbling,Development
426503,Janche,Herbst,Development
426375,Suzette,Gerteisen,Development
426389,Chuanyi,Ellozy,Development
426399,Elvia,Heusch,Development
426405,Urs,Lorcy,Development
426406,Irena,Ritzmann,Sales
426505,Tommaso,Makinen,Development
426511,Oddvar,Polupanov,Sales
426518,Marek,Turnbull,Sales
426701,Shem,Mandelberg,Development
426570,Tamiya,Koshino,Sales
426573,Hausi,Gonthier,Sales
426579,Odinaldo,Anily,Development
426614,Elliott,Jullig,Development
426729,Eldridge,Clemencon,Development
426742,Toshiko,Swick,Development
426677,Waiman,Lorie,Development
426679,Zita,Ranze,Development
426781,Reinhard,Setiz,Development
426684,Neven,Sridhar,Sales
426690,Aluzio,Klyachko,Development
426783,Sahrah,Cyne,Development
426791,Alair,Irland,Sales
426841,Otilia,Mondadori,Development
426799,Hatim,Keirsey,Sales
426849,Dietrich,Suermann,Sales
426804,Berni,Merle,Development
426807,Maik,Pramanik,Development
426809,Jiann,Spieker,Development
426980,Dhritiman,Ushiama,Development
426928,Kauko,Georgatos,Sales
426934,Yannik,Papsdorf,Development
426994,Zito,Nyanchama,Sales
426936,Reinhold,Glowinski,Development
426948,Stella,Waymire,Sales
427010,Mingsen,Frolund,Sales
427024,Munenori,Niizuma,Sales
427028,Saddek,Bernardeschi,Sales
427029,Samphel,Ramalingam,Sales
427034,Amalendu,Yurov,Development
427121,Jianhao,Bolsens,Development
427055,Toong,Rosis,Development
427138,Bernd,Vidya,Sales
427075,Berry,Cunliffe,Development
427159,Adib,Zockler,Development
427165,Toong,Radhakrishnan,Development
427091,Udi,Cherinka,Sales
427177,Moto,Rosch,Development
427097,Eishiro,Socorro,Development
427202,Rutger,Waeselynck,Development
427260,Jianhao,Cooke,Development
427212,Nitsan,Dulin,Sales
427219,Chenyi,Iisaka,Sales
427224,Weiyi,Merli,Development
427253,Georg,Kading,Development
427269,Mark,Ginesta,Development
427314,Valeska,Rando,Development
427321,Arra,Hutton,Development
427346,Denis,Kropf,Sales
427349,Ung,Lakshmanan,Development
427472,Kristina,Pfau,Sales
427354,Bernt,Collavizza,Development
427362,Chrisa,Melton,Development
427488,Bingning,Norsworthy,Sales
427492,Kousuke,Seiwald,Development
427368,Marc,Glinert,Development
427504,Janalee,Pauthner,Development
427370,Chinho,Slobodova,Sales
427371,Emdad,Ballarin,Development
427383,Oddvar,Jullig,Development
427693,Weiyi,Whitcomb,Development
427529,Magy,Feldmann,Sales
427549,Tetsurou,Sifakis,Development
427698,Siddarth,Schapire,Sales
427556,Turgut,Brlek,Development
427727,Ramzi,Melichar,Development
427742,Yongdong,Demke,Sales
427780,Khue,Montresor,Sales
427623,Shaunak,Itschner,Sales
427633,Denny,Limongiello,Development
427783,Gennady,Alameldin,Sales
427650,Maya,Luck,Development
427817,Vishv,Kading,Development
427660,Mayuko,Gils,Sales
427664,Toshimo,Maccarone,Development
427682,Boalin,Birta,Sales
427686,Sangeeta,Asser,Development
427988,Martial,Barvinok,Sales
427841,Shaz,Schaad,Sales
427845,Franziska,Murillo,Development
428003,Shirish,Yamaashi,Development
427848,Mikhail,Hutton,Development
427849,Mayuri,Rindone,Sales
427853,Sanjay,Bisiani,Development
428004,Weiye,Prenel,Sales
428006,Mohamadou,Katiyar,Development
428020,Toshimitsu,Tiemann,Sales
427899,Angus,Mitzlaff,Development
428062,Shirish,Byoun,Sales
427905,Chaitali,Birdsall,Development
427918,Billie,Llado,Development
427924,Brendon,Msuda,Sales
427935,Xiaoshan,Jonsson,Development
428073,Lech,Improta,Sales
428282,Yifei,Ranon,Sales
427966,Kazuhiro,Luft,Development
428122,Tooru,Georgatos,Development
428134,Sadok,McDermid,Sales
428135,Insup,Diderrich,Development
428153,Syozo,Koshiba,Development
428156,Salvador,Dolinsky,Sales
428166,Tzvetan,Mahnke,Development
428170,Koichi,Kalefeld,Development
428198,Behnaam,Thibadeau,Sales
428314,Mario,Plotkin,Development
428224,Michaela,Pollacia,Sales
428237,Itzchak,Passafiume,Development
428242,Shuichi,Choobineh,Sales
428243,Leif,Ghazalie,Development
428245,Macha,Christianini,Development
428372,Licheng,Neimat,Development
428402,Stein,Remmele,Sales
428419,Gila,Cichocki,Development
428421,Arne,Shanbhogue,Sales
428392,Marko,Katzenelson,Development
428564,Indrajit,Chinen,Development
428460,Ramachenga,Decaestecker,Development
428465,Goetz,Journel,Development
428466,Jianhua,Olano,Sales
428476,Zvonko,Jakobus,Development
428478,Gay,Auria,Sales
428585,Sanjeeva,Selvestrel,Sales
428506,Qiwen,Conte,Sales
428528,Vishv,Leivant,Development
428592,Noritoshi,Diderrich,Development
428593,Gita,Ozeki,Development
428594,Breannda,Aamodt,Sales
428620,Yinghua,Demian,Development
428625,Mohammad,Savasere,Sales
428692,Tse,Versino,Development
428630,Jenwei,Orsini,Sales
428649,Halsur,Raoux,Development
428715,Kerhong,Pappas,Development
428833,Weiwu,Wursthorn,Development
428732,Adamantios,Malabarba,Development
428836,Weiru,Hennings,Development
428842,Gennadi,Munch,Development
428887,Yefim,Marzano,Sales
428902,Guozhong,Hempstead,Development
428923,Xiaoqiu,Hasenauer,Development
429010,Danco,Ramras,Development
428930,Herb,Pelc,Sales
428937,Sudhanshu,Chappelet,Development
428959,DeForest,Prenel,Sales
429045,Pasqua,Dolinsky,Development
429050,Brewster,Stroustrup,Development
429051,Mihalis,Schiettecatte,Development
429071,Domenico,Baik,Development
429105,Lunjin,Denna,Development
429115,Valery,Halevi,Development
429128,Uno,Range,Sales
429130,Franziska,Zlotek,Development
429211,Abdelghani,Tchuente,Development
429294,Weijing,Salinas,Development
429297,Becky,Acton,Sales
429307,Mohan,Uchoa,Development
429221,Alain,Zykh,Development
429222,Boriana,Schmiedel,Development
429411,Pramod,Flowers,Development
429367,Kiyomitsu,Schlenzig,Sales
429369,Yifei,Luit,Development
429414,Zongyan,Mahmud,Sales
429422,Odinaldo,Janetzko,Development
429549,Eben,Selenyi,Development
429423,Mabhin,Servi,Sales
429425,Duke,Nanard,Development
429431,Huiqun,Reutenauer,Development
429573,Samphel,Castellani,Sales
429435,Fay,Perin,Sales
429468,Ennio,Walston,Sales
429493,Adib,Motley,Development
429648,Pranjal,Gaughan,Sales
429649,Lijie,Krone,Development
429665,Snehasis,Piazza,Sales
429494,Ipke,Puppe,Development
429518,Tomokazu,Poujol,Sales
429836,Arumugam,Kilgour,Sales
429851,Dulce,Manders,Sales
430101,Dekang,Veeraraghavan,Sales
429761,Gadiel,Auyong,Development
429766,Mandell,Lorin,Sales
429785,Radhia,Iivonen,Development
429814,Georg,Tischendorf,Sales
429961,Houman,Swiss,Sales
430000,Otmar,Genther,Development
430147,Tran,Jayawardene,Sales
430051,Muneo,Rodier,Sales
430166,Poornachandra,Ravishankar,Sales
430079,Mikhail,England,Sales
430179,Neelam,Serna,Sales
430196,Mechthild,Fasbender,Sales
430224,Noritoshi,Basawa,Development
430384,Taiji,Masand,Development
430461,Fan,Lichtner,Sales
430300,Xuedong,Binkley,Sales
430315,Paloma,Engberts,Development
430347,Malu,Cyne,Sales
430477,Subhrajyoti,Angelopoulos,Development
430512,Richara,Flanders,Development
430524,Baoqiu,Schnabel,Development
430675,Shiv,Comellas,Development
430685,Sergi,Jenevein,Sales
430596,Gill,Stanger,Development
430713,Khedija,Peac,Development
430615,Babette,Stanfel,Sales
430616,Ashish,Tchuente,Development
430724,Geoff,Gruenwald,Development
430737,Jeane,Kadhim,Sales
430742,Jiong,Scallan,Development
430754,Zengping,Langford,Sales
430772,Stepehn,Haraldson,Development
430777,Hailing,Feldmann,Development
430960,Shahaf,Lorie,Development
430854,Collette,Tsunoo,Development
430859,Gritta,Bakhtari,Sales
430878,Jinya,Siepmann,Development
430999,Khatoun,Ranon,Sales
430906,Christ,Cyre,Sales
431009,Tremaine,Lamba,Development
430936,Saddek,Deville,Development
431014,Toney,Masamoto,Development
431022,Randy,Improta,Sales
431073,Demin,Savasere,Development
431126,Claude,Kroon,Development
431078,Adib,Ananiadou,Sales
431080,Shigehito,Pauthner,Development
431248,Reuven,Perri,Sales
431157,Alexius,Bernick,Development
431189,Dulce,Rousseau,Development
431287,Radoslaw,Maraist,Development
431214,Navid,DuCasse,Sales
431382,Mohit,Eiron,Development
431394,Michaela,Majewski,Development
431395,Xuejun,Litzkow,Development
431410,Kensei,Nyanchama,Development
431432,Danel,Verhoeff,Development
431289,Teunis,Zongker,Development
431446,Hidekazu,Cangellaris,Development
431292,Uli,Schaaf,Sales
431311,Gritta,Birge,Sales
431465,Kristinn,Mahmud,Sales
431316,Xiaoheng,Krohm,Sales
431480,Zhigen,Christ,Sales
431333,Sven,Zambonelli,Development
431486,Augustine,Restivo,Development
431495,Tadanori,Matzke,Development
431378,Cristinel,Peyn,Development
431510,Manu,Schiper,Development
431675,Giao,Kroha,Sales
431530,Srinidhi,Steinauer,Development
431558,Brewster,Pews,Development
431690,Sudhanshu,Bhattacharjee,Development
431701,Maya,Baca,Development
431599,Xiaoshan,Pettit,Development
431721,Aluzio,Anandan,Development
431731,Jianhao,Ermel,Development
431735,Waiman,Roccetti,Development
431758,Huiqun,Suermann,Development
431645,Boriana,Rusterholz,Sales
431773,Chuanti,Montemayor,Sales
431798,Masanao,Middleton,Development
431965,Gianluca,Melton,Sales
431836,Arne,Mahmud,Development
431853,Doohun,Hooghiemstra,Sales
431866,Raimond,Kranzdorf,Development
431869,Dietrich,Collette,Development
431969,Uriel,Maksimenko,Development
431989,Shaz,Baez,Development
431895,Xiaoqiang,Speel,Sales
431896,Tokuyasu,Miara,Development
431901,Shahid,Kandlur,Sales
432039,Mansur,Veeraraghavan,Development
431922,Jungsoon,Brookman,Development
432068,Arif,Wegerle,Development
432106,Kirk,Thorelli,Sales
432087,Hidefumi,Garigliano,Development
432110,Vasiliy,Debuse,Development
432116,Henk,Besselaar,Development
432122,Alair,Poupard,Development
432267,Siddarth,Rosen,Sales
432144,Yuping,Biros,Development
432167,Peternela,Talmon,Development
432188,Yishai,Haraldson,Sales
432317,Lucian,Pluym,Development
432318,Khedija,Krohm,Development
432324,True,Fiebach,Development
432516,Arlette,Karcich,Sales
432380,Duro,Anick,Development
432402,Adib,Basagni,Development
432534,Eran,Zeilberger,Development
432547,Gretta,Waeselynck,Sales
432554,Mana,Yemenis,Development
432483,Zhanqiu,Taneja,Sales
432566,Dzung,Orlowski,Sales
432497,Sreekrishna,Champarnaud,Sales
432578,Danco,Khalid,Development
432581,Vivian,Perl,Development
432583,Seongbin,Mitsuhashi,Sales
432589,Baziley,Alvarado,Development
432612,Masaki,Sinitsyn,Development
432662,Paddy,Maierhofer,Development
432675,Kazunori,Veeraraghavan,Sales
432676,Leaf,Borovoy,Sales
432627,Jamaludin,Usdin,Sales
432683,Gina,Nishimukai,Development
432693,Zhaofang,Matzat,Development
432630,Heejo,Luef,Development
432710,Paraskevi,Bardell,Development
432818,Parviz,Escriba,Development
432727,Sushant,Lovengreen,Development
432730,Nevio,Trystram,Development
432749,Miomir,Heemskerk,Sales
432828,Chikako,Malabarba,Sales
432841,KayLiang,Kragelund,Development
432795,Toney,Schoegge,Sales
432855,Kiyotoshi,Encarnacion,Development
432859,Guther,Massonet,Sales
432943,Mokhtar,Asser,Development
432861,Kshitij,Morris,Development
432881,Shan,Egerstedt,Development
432978,Pasqua,Herath,Sales
433094,Xinglin,Matzke,Development
433015,Mohd,Braccini,Development
433036,Anestis,Yeung,Development
433105,Leif,Cmelik,Sales
433077,Zongyan,Mungall,Sales
433127,Masali,Hellwagner,Development
433146,Larisa,Pettis,Development
433193,Badri,Shihab,Sales
433245,Duangkaew,Pleszkun,Development
433271,Freyja,Naumovich,Development
433372,Rasiah,Yemenis,Sales
433307,Filipp,Norsworthy,Sales
433320,Gunilla,Takkinen,Development
433321,Mabo,Msuda,Development
433488,Wayne,Antonisse,Sales
433350,Pasqua,Danner,Development
433514,Susanne,Mikschl,Development
433520,Armond,Cairo,Development
433537,Roselyn,Picel,Development
433509,Dzung,Demian,Sales
433665,Aimee,Kusalik,Sales
433670,Mohamadou,Bresenham,Sales
433608,Aruna,Simkin,Development
433679,Serenella,Katzenelson,Sales
433687,Conrado,Giveon,Sales
433628,Vishu,Copas,Development
433631,Bodh,Luff,Sales
433689,Make,Borovoy,Development
433710,Gou,Baezner,Development
433732,Miquel,Chepyzhov,Sales
433738,Toshimi,Petersohn,Sales
433754,Leon,Sommen,Development
433822,Lucien,Garnham,Development
433790,Prodip,Rusmann,Sales
433828,Elzbieta,Matzov,Development
433938,Venkatesan,Azadmanesh,Sales
433873,Uwe,Alpin,Development
433880,Arumugam,Peek,Development
433888,Armond,Sommen,Development
433941,Zejun,Ozeri,Development
433902,Nevin,Dusink,Development
433949,Alejandra,Mondadori,Development
433962,Mani,Waleschkowski,Development
433926,Xiaobin,Alblas,Development
433936,Kyoichi,Reeken,Development
434080,Tru,Pettis,Development
434084,Abdelghani,Cappello,Sales
434089,Mamdouh,Bratten,Development
434114,Nobuyoshi,Portugali,Sales
433973,Behnaam,Speek,Sales
433992,Isamu,Gien,Development
434158,Hiroyasu,Fasbender,Sales
434019,Kristen,Swiler,Development
434178,Lillian,Makinen,Development
434023,Kristian,Worfolk,Sales
434033,Sedat,Itzfeldt,Development
434214,Oscal,Fabrizio,Development
434058,Masami,Eterovic,Sales
434362,Guttorm,Demizu,Development
434226,Miquel,Gulla,Sales
434234,Younwoo,Rothenberg,Sales
434249,Malu,Bonifati,Sales
434250,Ulises,Jansch,Sales
434262,Kerryn,Peir,Sales
434431,Berto,Hiroyama,Sales
434272,Woody,Roccetti,Development
434274,Turgut,Katalagarianos,Development
434278,Sedat,Binding,Development
434289,Sajjan,Broomell,Sales
434456,Maha,Picci,Sales
434360,Aram,Zolotykh,Development
434458,Mari,Stellhorn,Sales
434673,Jeanne,Menhoudj,Development
434505,Jianhua,Fritzsche,Development
434534,Marla,Naudin,Development
434546,Mahmut,Whitcomb,Sales
434578,Rimon,Cangellaris,Development
434580,Oscal,Saoudi,Sales
434674,Shrikanth,Demeyer,Development
434690,Zijian,Hammerschmidt,Sales
434700,Abdelwaheb,Botman,Development
434758,Alair,Tzvieli,Sales
434789,Heeju,Vuskovic,Development
434790,Lorien,Baaz,Development
434766,Basim,Babu,Sales
434807,Licheng,Karner,Development
434770,Aluzio,Mamelak,Development
434809,Stamatina,Peres,Development
434949,Hausi,Lores,Development
434824,Randy,Goodrum,Development
434832,Vojin,Mitzlaff,Sales
434950,Berto,Sadowski,Development
434957,Chandrasekaran,Munos,Development
434995,Mads,Yoshimura,Sales
434896,Zhensheng,Furudate,Development
434923,Heather,Riefers,Sales
434924,Feiyu,Morton,Development
434997,Ranan,Taubman,Development
435006,Panayotis,Thisen,Development
435047,Danco,Hiyoshi,Development
435078,Hatsukazu,Parfitt,Sales
435063,Troy,Lenart,Development
435127,Pranas,Lovengreen,Sales
435283,Naftali,Lieblein,Development
435135,Anoosh,Keirsey,Development
435148,Gennady,Buchter,Sales
435156,Munir,Emmerich,Development
435312,Hatsukazu,Kisuki,Development
435313,Fun,Vitiello,Sales
435315,Georgi,Turnbull,Sales
435345,Karoline,Murtafg,Development
435354,Bowen,Bashian,Sales
435442,Yinghua,Shimshoni,Development
435553,Somnath,Moffat,Sales
435459,Arto,Heuser,Development
435491,Kristinn,Bashian,Development
435566,Licheng,Kawashima,Development
435645,Branimir,Hennings,Development
435576,Urs,Felder,Development
435666,Dmitry,Zhang,Development
435590,Adel,Hardjono,Development
435598,Remko,Peltason,Development
435691,Hinrich,Erev,Development
435606,Kerhong,Aingworth,Development
435611,Fabrizio,Shokrollahi,Development
435713,Ortrun,Daescu,Development
435630,Dines,Baer,Sales
435719,Gritta,Sidou,Sales
435720,Shahaf,Rijsenbrij,Development
435640,Zdislav,Kitai,Sales
435785,Yongmin,Validov,Sales
435782,Shugo,Bolotov,Sales
435799,Gudjon,Kaiserswerth,Sales
435783,Guozhong,Ghazalie,Development
435830,Yechiam,Zaumen,Development
435843,Fei,Gammage,Development
435851,Tru,Asser,Development
435893,Charlene,Byoun,Development
435980,Toney,Rando,Sales
435995,Jovan,Anger,Development
435998,Ymte,Wrigley,Development
436005,Kristen,Poupard,Development
435911,Patricia,Perez,Sales
436020,Rutger,Wielonsky,Development
436031,Jaques,Schmezko,Development
436069,Xumin,Spieker,Development
436050,Christophe,Emiris,Development
436062,Kshitij,Ibel,Sales
436073,Pranjal,Lyonns,Development
436074,Jessie,Morrow,Development
436077,Mabo,Macedo,Sales
436130,Guenter,Lorys,Development
436254,Tsutomu,Bellone,Sales
436144,Mark,Morrow,Development
436148,Basant,Cairo,Sales
436191,Aram,Rajcani,Development
436319,Ramzi,Emmerich,Development
436342,Sreenivas,Lorho,Sales
436514,Mahendra,Fritzsche,Sales
436372,Abdelkader,Leslie,Sales
436525,Abdulah,Langford,Development
436585,Adib,Pargas,Sales
436394,Guther,Chappelet,Development
436395,Percy,Meszaros,Development
436419,Randi,Schapiro,Sales
436431,Uriel,Hutton,Sales
436433,Ibibia,Morrow,Development
436442,Mang,Takanami,Development
436612,Koldo,Kumaresan,Development
436449,Tetsurou,Wilfing,Development
436457,Wilmer,Deville,Sales
436467,Rafael,Edelhoff,Sales
436615,Jolita,Lortz,Development
436473,Nakhoon,Braunmuhl,Sales
436792,Taizo,Luca,Sales
436490,Hsiangchu,Willoner,Development
436639,Lidong,Krogh,Development
436645,Gil,Pouyioutas,Development
436836,Mads,Muchinsky,Sales
436651,Weijing,Birnbaum,Sales
436714,Gill,Lores,Development
436744,Remzi,Luders,Sales
436757,Guiseppe,Lunt,Development
436842,Tomofumi,Krzyzanowski,Development
436869,Billie,Barinka,Development
436893,Duro,Perko,Development
437097,Salvador,Clemencon,Sales
436965,Falguni,Leijenhorst,Development
437024,Ioana,Jullig,Sales
437098,Alassane,Gaughan,Development
437123,Prodip,Shimshoni,Development
437039,Kaijung,Godskesen,Sales
437148,Elvis,Sambasivam,Development
437059,Jouni,Mahnke,Sales
437159,Munehiko,Ritzmann,Development
437166,Gennady,Ariola,Development
437209,Nishit,Pero,Sales
437181,Hiroyasu,Stellhorn,Development
437234,Gil,Sgarro,Sales
437236,Remmert,Asrin,Sales
437241,Angus,Moffat,Sales
437195,Uno,Hettesheimer,Development
437205,Godehard,Panangaden,Development
437266,Mack,Biran,Development
437271,Nikolaus,Beutelspacher,Development
437280,Khatoun,Khalil,Development
437348,Deborah,Emden,Development
437295,Shao,Solovay,Sales
437412,Shahab,Shinomoto,Sales
437324,Luisa,Seghrouchni,Sales
437421,Rayond,Edelhoff,Development
437422,Naftaly,Plavsic,Development
437502,Naftali,Schreiter,Development
437442,Muzhong,Delaune,Sales
437507,Hiroyasu,Stasinski,Development
437523,Nahum,Vakili,Development
437446,Huai,Ratnaker,Sales
437453,Gladys,Sabnani,Sales
437539,Owen,Fioravanti,Development
437455,Nikolaos,Marwedel,Development
437470,Rasiah,Bouloucos,Development
437566,Chuanyi,Landherr,Development
437471,Zijian,Plesums,Sales
437635,Maya,Garnick,Development
437608,Marko,Montemayor,Development
437639,Barun,Imataki,Sales
437675,Suzette,Takanami,Development
437678,Val,Pocchiola,Development
437679,Boutros,Linares,Development
437689,Taizo,Pargas,Development
437950,Irena,Salinas,Development
437824,Georg,Peral,Development
437830,Bezalel,Plotkin,Sales
437850,Ronnie,Vural,Development
437882,Salvador,Osgood,Development
437883,Pantung,Kalafatis,Development
437889,Dannz,Rosay,Sales
437892,Sushant,Lampe,Development
437915,Katsuo,Kroon,Development
437954,Mong,Sinitsyn,Sales
437955,Kristin,Matteis,Development
437985,Reuven,Munke,Sales
438084,Bangqing,Kemmerer,Development
438010,Barna,Marsiglia,Development
438126,Duke,Krichel,Development
438052,Beshir,Legleitner,Development
438160,Rayond,Pagter,Sales
438162,Mabry,Erdmenger,Sales
438214,Lokesh,Tokunaga,Development
438262,Giao,Pauthner,Development
438366,Yechezkel,Gubsky,Development
438269,Percy,Castellani,Development
438289,Kiyokazu,Collavizza,Sales
438298,Elrique,Asrin,Development
438421,Danae,Pollacia,Sales
438422,Sedat,Baby,Development
438429,Jiang,Zockler,Development
438312,Menkae,Trachtenberg,Development
438441,Kiyokazu,Mahmud,Development
438626,Shaunak,Roohalamini,Sales
438454,Duro,Caine,Development
438657,Baziley,Bernatsky,Development
438528,Bernt,Lowrie,Development
438672,Phuoc,Murillo,Development
438551,Randy,Vingron,Sales
438676,Conal,Mikschl,Sales
438716,Marin,Schmiedel,Sales
438578,Xiaobin,Ruther,Development
438584,Sangeeta,Pero,Sales
438718,Shin,Deville,Sales
438610,Soenke,Dulin,Sales
438726,Ewing,Serov,Sales
438619,Chiranjit,Sichman,Sales
438737,Heping,Syrotiuk,Development
438930,Luerbio,Murtagh,Development
438787,Tomofumi,Wrigley,Development
438792,Rasiah,Kawashimo,Development
438805,Eirik,Lalonde,Development
438808,Marsja,Serna,Development
438931,Shigenori,Vandervoorde,Development
438940,Mayumi,Shackell,Sales
438840,Moto,Honiden,Development
438848,Vishv,Marchesini,Development
438944,Florian,Anick,Sales
439018,Gay,Scharstein,Sales
438876,Manton,Anguita,Development
438907,Manibrata,Ecklund,Development
438909,Kish,Smailagic,Development
439027,Munir,Riexinger,Sales
439036,Harngdar,Papsdorf,Development
439216,Aimee,Mateescu,Development
439072,Snehasis,Kavanagh,Sales
439257,Khedija,Pluym,Sales
439106,Guiseppe,Nivat,Sales
439108,Huiqun,Kawashima,Development
439115,Pohua,Backhouse,Development
439276,Mayuko,Chappelet,Development
439147,Ebbe,Chiola,Development
439322,Jaihie,Waeselynck,Sales
439168,Fatemeh,Penn,Sales
439179,Yurii,Lanteri,Sales
439185,Rosalyn,Yurek,Sales
439495,Maris,Pettis,Development
439337,Alair,DiGiano,Sales
439350,Kerhong,Koblitz,Development
439357,Srinidhi,Mukaidono,Development
439501,Oscar,Falco,Sales
439364,Gill,Luiz,Development
439371,Satoru,Pehl,Development
439518,Kenroku,Homond,Development
439533,Kerryn,Bage,Sales
439541,Dines,Garnick,Development
439416,Naftaly,Matzen,Development
439595,Anestis,Itzfeldt,Development
439440,Uma,Wossner,Development
439630,Ymte,Busillo,Sales
439604,Bernd,Nations,Sales
439675,Yuuichi,Atchley,Sales
439789,Almudena,Liedekerke,Development
439686,Maia,Zeleznik,Development
439687,Alejandra,Schlumberger,Development
439716,Zsolt,Chleq,Development
439719,Uri,Schreiter,Development
439721,Douadi,Rassart,Development
439823,Remko,Erdi,Development
439830,Shem,Ramamoorthy,Development
439835,Yucai,Papadias,Development
439864,Izaskun,Spelt,Development
439887,Fuqing,Dusink,Sales
439948,Toshimitsu,Hatcliff,Sales
439889,Constantijn,Benaini,Development
439969,Ohad,Gini,Sales
439896,Yahiko,Baaleh,Sales
440072,Mingzeng,Schnelling,Development
440010,King,Lamma,Development
440088,Serge,Denny,Sales
440097,Alselm,Junot,Development
440136,Bowen,Jenevein,Sales
440189,Kiyomitsu,Falster,Development
440150,Luigi,Lorcy,Development
440218,Shigeo,Simmen,Sales
440169,Munenori,Holburn,Sales
440236,Franziska,Caine,Development
440247,Geoff,Ambroszkiewicz,Development
440175,Babette,Demos,Development
440255,Margareta,Schlenzig,Sales
440259,Changho,Farris,Sales
440352,Tianruo,Ghalwash,Sales
440264,Izaskun,Biran,Sales
440291,Masasuke,Fujisaki,Development
440301,Sven,Lanzelotte,Development
440307,Hailing,Tetzlaff,Development
440314,Shin,Merlo,Development
440323,Ravishankar,Radwan,Sales
440366,Babette,Armand,Sales
440380,Ashish,Magliocco,Development
440383,Bezalel,Denny,Development
440400,Vasiliy,Karlin,Sales
440402,Seongbin,Zeleznik,Development
440423,Fumino,Marquardt,Development
440640,Xiaoqiang,Vieri,Sales
440541,Subbu,Goodrum,Development
440548,Szabolcs,Eastman,Development
440549,Dietrich,Eldridge,Development
440560,Junichi,Mayerwieser,Sales
440587,Lijia,Flasterstein,Development
440598,Dmitry,Kawashima,Development
440608,Kiyokazu,Kragelund,Sales
440652,Nahum,Garnier,Development
440714,Duro,Rosay,Development
440763,Siddarth,Heystek,Sales
440788,Zita,Mawatari,Development
440794,Emdad,Dalphin,Development
440795,Malu,Hemaspaandra,Development
440804,Fumiko,Harllee,Sales
440904,Eran,Vickson,Sales
440812,Yechiam,Baer,Development
440833,Etsuo,Siochi,Development
440872,Vishwani,Nourani,Development
440931,Yinghua,Dratva,Sales
440960,Moty,Zirintsis,Development
441059,Perla,Borstler,Development
441061,Ramalingam,Klyachko,Sales
440979,Dante,Rosay,Development
440989,Maia,Cincotta,Development
441092,Raimond,Peres,Development
441028,Bernd,Krychniak,Development
441103,Hongzhu,Norsworthy,Development
441105,Amabile,Picci,Sales
441117,Xiahua,Mondadori,Development
441132,Claude,Jansen,Development
441144,Muneo,Bolsens,Development
441182,Mayumi,Benantar,Development
441179,Tommaso,Sgarro,Sales
441188,Kwee,Zaumen,Development
441190,Yuuichi,Dulay,Development
441208,Nitsan,Murrill,Development
441228,Kazuhiko,Winter,Sales
441333,Horward,Randi,Development
441349,Oscar,Merlo,Sales
441352,Christoper,Menyhert,Sales
441240,Shounak,Nicolson,Development
441477,Kerryn,Sevcikova,Sales
441371,Vidya,Leppanen,Sales
441407,Atreyi,Roohalamini,Development
441425,Niteen,Famili,Development
441451,Fabrizio,Marletta,Development
441459,Rosine,Schauser,Development
441478,Mats,Camarinopoulos,Development
441487,Przemyslawa,Dulli,Development
441495,Marie,Feldmann,Development
441516,Sanjai,Nitsch,Development
441609,Martins,Swiss,Development
441598,Jingling,Siepmann,Sales
441628,Lubomir,Bazelow,Sales
441668,Huiqun,Crelier,Development
441669,Raimond,Chimia,Sales
441672,Inderjeet,Rabehasaina,Sales
441688,Jayesh,Schwaller,Sales
441762,Mircea,Delaune,Sales
441698,Reinhard,Halloran,Development
441773,Shigenori,Cesareni,Sales
441784,Vasilii,Peroz,Development
441826,Leandro,Einsfeld,Sales
441904,Rosalyn,Sambasivam,Sales
441839,Froduald,Christ,Sales
441932,Shir,Tyugu,Development
441939,Jayson,Hennings,Development
441873,Georg,Perri,Sales
441955,Sudhanshu,Sommer,Sales
441880,Xiping,Mikschl,Development
442054,Sachar,Vendrig,Development
442014,Radhakrishnan,Gajiwala,Development
442085,Jeong,Peha,Sales
442188,Lucian,Rahier,Sales
442093,Arvind,Weisert,Development
442196,Muzhong,Hegner,Development
442133,Bernd,Angel,Sales
442230,Anestis,Edelhoff,Development
442246,Richara,Linares,Development
442149,Utpal,Bodoff,Sales
442260,Kayoko,Tokunaga,Development
442275,Eric,Kropf,Development
442167,Mohamadou,Vigier,Development
442317,Jiong,Junet,Development
442330,Quingbo,Veeraraghavan,Sales
442364,Barton,Oxman,Development
442460,Leon,Ranon,Development
442539,Toshimori,Suri,Development
442550,Adib,Vadhan,Development
442572,Lorien,Hellwagner,Development
442405,Evgueni,Zielinski,Development
442576,Shietung,Ramsey,Development
442429,Souichi,Hanabata,Development
442608,Nigel,Melichar,Development
442430,Tse,Baak,Development
442457,Zhigen,Jahnichen,Development
442752,Vugranam,Luft,Sales
442649,Utz,Vendrig,Sales
442802,Angus,Bazelow,Sales
442679,Patricio,Foote,Development
442699,Samphel,Baer,Development
442812,Hugo,Rodiger,Sales
442841,Mahendra,Guting,Development
442862,Munehiro,Dayang,Sales
442907,Nitsan,Percebois,Development
442909,Augustine,Schwabacher,Development
442910,Hatim,Ellozy,Sales
442867,King,Vrecion,Sales
442929,Saniya,Klerer,Development
442883,Yinlin,Vendrig,Sales
443078,Ortrud,Hennebert,Sales
442966,Shaw,Ulupinar,Development
442976,Mostafa,Zultner,Development
442977,Marlo,Armand,Sales
442986,Nalini,Zeleznik,Development
443097,Sudhanshu,Strandh,Sales
443140,Feixiong,Pramanik,Sales
443182,Heather,Luca,Development
443184,Fai,Rusterholz,Development
443204,Lalit,Schapiro,Development
443208,Nakhoon,Nilsson,Development
443160,Paloma,Vuskovic,Development
443228,Mohammad,Gecseg,Sales
443332,Leandro,Birsak,Development
443240,Billie,Gimbel,Development
443270,Vasiliy,Chvatal,Sales
443404,Xiaoheng,Feldhoffer,Sales
443297,Krister,Egerstedt,Development
443303,Nadjib,Fadgyas,Sales
443306,Mechthild,Sifakis,Development
443457,Kazuhisa,Demke,Sales
443409,Elliott,Krybus,Development
443411,Behnaam,Bahi,Sales
443450,Shawna,Denti,Sales
443510,Martial,Poupard,Development
443634,Conor,Cusworth,Development
443554,Yolla,Klyachko,Development
443557,Ute,Androutsos,Sales
443571,Siddarth,Garrabrants,Sales
443592,Dante,Wursthorn,Development
443637,Mohua,Guenter,Sales
443640,Martine,Rosaz,Development
443666,Bluma,Cherinka,Development
443752,Chinhyun,Rosiles,Development
443759,Branimir,Comte,Sales
443766,Van,Peot,Development
443676,Masasuke,Gide,Sales
443696,Henk,Douceur,Sales
443797,Nirmal,Armand,Development
443801,Yefim,Gopalakrishnan,Sales
443713,Susumu,Besancenot,Development
443829,Taiji,Baez,Development
443733,Volkmar,Welham,Sales
443838,Rimon,McClure,Sales
443840,Oguz,Fairtlough,Sales
443847,Leucio,Ligten,Development
443735,Boriana,Guenter,Development
443737,Kazuhisa,Zolotykh,Development
443917,Amstein,Lores,Sales
444034,Jackson,Bernardeschi,Sales
443924,Tooru,Luca,Development
443942,Kwan,Heystek,Sales
444061,Gal,Merks,Sales
444379,Atreye,Ranka,Development
444108,Ung,McClure,Sales
444163,Uriel,Gente,Sales
444173,Steve,Matteis,Development
444188,Ramachenga,McClure,Development
444201,Yuichiro,Constantine,Development
444380,Gor,Conta,Development
444223,Krisda,Ramsay,Sales
444420,Gita,Ramsay,Development
444447,Chuanti,Leuchs,Sales
444274,Bokyung,Uludag,Sales
444450,Mohua,Terwilliger,Development
444494,Hugo,Merle,Sales
444605,Iara,Skafidas,Sales
444501,Mostafa,Bernick,Development
444621,Persi,Hardjono,Sales
444503,Koichi,Garnham,Development
444505,Hyuckchul,Auyong,Development
444508,Kaijung,Bahl,Sales
444641,Unal,Zallocco,Development
444521,Lijie,Vecchi,Development
444650,Cristinel,Ghelli,Development
444551,Ipke,Gien,Sales
444687,Mokhtar,Braccini,Development
444553,Nikolaus,Gluchowski,Sales
444558,Ebru,Maliniak,Development
444560,Jeane,Kilgour,Development
444736,Rosli,McClure,Development
444722,Ibibia,Hiraishi,Development
444738,Takahira,Gargeya,Sales
444758,Waiman,Hashii,Development
444882,Masoud,Cronau,Development
444829,Shuji,Redmiles,Sales
444892,Eishiro,Stafford,Development
444907,Sigeru,Manders,Development
444922,Jordanka,Naudin,Sales
444934,Oddvar,Attimonelli,Sales
444957,Anneke,Demeyer,Development
444830,Rasikan,Koprowski,Sales
444837,Hinrich,Ranka,Development
444858,Rosli,Fandrianto,Sales
444979,Takahira,Iisaku,Development
444986,Masaki,Eldridge,Sales
445160,Rimli,Eiron,Development
445181,Steve,Ranft,Development
445020,Renny,Ligten,Sales
445023,Tadahiro,Dredge,Sales
445026,Kitty,Kohling,Development
445035,Ugo,Brodal,Development
445046,Hercules,Kusakari,Development
445182,Subhankar,Kitai,Sales
445210,Qingxiang,Biron,Development
445065,Sandeepan,Heinisuo,Development
445077,Parke,Marquardt,Sales
445082,Gro,Iacovou,Sales
445218,Gino,Decaestecker,Sales
445220,Florina,Luft,Sales
445223,Sachin,Ruemmler,Sales
445240,Cordelia,Garnier,Development
445137,Uinam,Burnard,Development
445138,Janalee,Muhling,Development
445306,Arvind,Taubman,Sales
445314,Adel,Caine,Development
445315,Otmar,Conde,Sales
445316,Moni,Straney,Development
445242,Goh,Conia,Sales
445248,Leandro,Bellone,Development
445334,Perla,Sessa,Development
445249,Nobuyoshi,Gargeya,Sales
445264,Yannik,Masamoto,Development
445355,Susanne,Dengi,Development
445484,Yagil,Ventosa,Development
445371,Phillip,Tempesti,Development
445381,Heekeun,Solovay,Sales
445389,Sariel,Begiun,Development
445391,Tesuro,Hopewell,Sales
445397,Stein,Servi,Development
445410,Elvia,Brodie,Development
445412,Odinaldo,Ratzlaff,Sales
445493,Arvind,Ramsey,Development
445505,Vugranam,Khalid,Sales
445600,Patricia,Schlegelmilch,Development
445509,Hein,Templeman,Sales
445550,Shaz,Baik,Development
445621,Shmuel,Impagliazzo,Development
445626,Satoru,Lanphier,Sales
445632,Zhiguo,Bressoud,Sales
445654,Shietung,Hertweck,Sales
445552,Ziyad,Kleiser,Sales
445562,Alair,Pietracaprina,Sales
445659,Jagoda,Bodoff,Sales
445743,Nagui,Clouatre,Development
445715,Shooichi,Schurmann,Sales
445716,Sachio,Douceur,Development
445721,Arra,Falby,Development
445760,Pohua,Schicker,Development
445772,Tuval,Oehlmann,Development
445787,Conrado,Cannard,Development
445790,Visit,Luon,Development
445889,Christophe,Standera,Development
445840,Marko,Czaja,Sales
445897,Oddvar,Krybus,Development
445902,Ziyad,Dulli,Development
445910,Patricia,Fritzsche,Sales
445911,JoAnne,Gide,Development
445928,Abdulah,Ermel,Development
445932,Mariusz,Schrooten,Development
445848,Qunsheng,Emden,Development
446036,Supot,McClurg,Development
445964,Alagu,Kaelbling,Development
445985,Van,Ginesta,Development
445995,Mabo,Denny,Development
446045,Margareta,Narwekar,Sales
446071,Rasiah,Danner,Sales
446083,Subir,Chiodo,Development
446087,Samphel,Farris,Sales
446193,Yoshimitsu,Gimbel,Development
446088,Nevin,Verspoor,Development
446089,Junsik,Serov,Development
446108,Georg,Reinhart,Sales
446223,Gay,Perin,Sales
446123,Chirstian,Velasco,Development
446241,Oscar,Schrooten,Development
446243,Along,Schwartzbauer,Sales
446244,Denis,Baez,Sales
446128,Filipe,Rajaraman,Sales
446139,Odoardo,Schlenzig,Development
446274,Lucian,Penttonen,Development
446283,Shrikanth,Wursthorn,Development
446287,Bilhanan,Nyrup,Development
446147,Krassimir,Karunanithi,Development
446456,Shimshon,Usery,Development
446302,Zhiguo,Siepmann,Development
446314,Yuguang,Speek,Development
446319,Adam,Siepmann,Sales
446324,Marit,Matzov,Development
446468,Kagan,Lanphier,Development
446469,Yucai,Krupka,Development
446505,Lubomir,Neimat,Development
446350,Marl,Zolotykh,Development
446352,Sariel,Muhlberg,Development
446355,Kiam,Vieri,Development
446370,Bedrich,Sewelson,Sales
446391,Kauko,Camarinopoulos,Development
446565,Phule,Passafiume,Sales
446404,Malu,Luks,Development
446735,Taizo,Tiemann,Sales
446744,Vishv,Rahier,Development
446611,Moto,Garigliano,Sales
446758,Chaitali,Peha,Sales
447008,Zsolt,Cooman,Sales
446645,Ferdinand,Ranst,Sales
446695,Filipe,Einsfeld,Development
447017,Ramachenga,Vecchi,Development
446891,Susanta,Heuser,Sales
447061,Ewing,Pluym,Sales
447072,George,Mukaidono,Development
447075,Charlene,Mellouli,Development
447076,Teruyuki,Straney,Sales
447091,Suzette,Perfilyeva,Sales
446978,Hyuckchul,Nollmann,Sales
447092,Inderjeet,Lorho,Sales
447127,Shigeaki,Delaune,Development
446990,Zhanqiu,Streng,Development
446991,Elgin,Polupanov,Development
447294,Florian,Kitsuregawa,Development
447149,Teiji,Eppinger,Sales
447164,Ulises,Deverell,Development
447322,Marc,Snedden,Development
447194,Anneke,Rando,Development
447195,Jaques,Ruemmler,Sales
447203,Gila,Lienhardt,Sales
447385,Yongqiao,Skrikant,Sales
447238,Shigehito,Comte,Development
447240,Maja,Riefers,Sales
447242,Gino,Keustermans,Development
447260,Ramalingam,Kalorkoti,Development
447396,Kazuyasu,Oberman,Sales
447399,Brewster,Murrill,Development
447401,Perry,Feinberg,Sales
447420,Satoru,Peot,Development
447584,Jouni,VanScheik,Development
447454,Niteen,Improta,Development
447632,Yucel,Paludetto,Development
447635,Kitty,Ranft,Sales
447548,Kazuhide,Cardazo,Development
447656,Seongbae,Rissland,Development
447665,Martien,Schaar,Sales
447705,Giordano,Docker,Sales
447727,Basem,Merel,Development
448211,Shim,Dratva,Development
447748,Shooichi,Hammerschmidt,Development
447750,Fun,Engberts,Development
447764,Berna,Plotkin,Development
447773,Masato,Peot,Development
447808,Wanqing,Gimbel,Development
447849,Izaskun,Wissmann,Sales
448014,Kristof,Selenyi,Development
448037,Niclas,Trachtenberg,Development
448047,Xinyu,Gini,Development
448089,Xiong,Kalloufi,Development
448096,Aksel,Rouquie,Development
448124,Hongzhu,Roohalamini,Sales
448136,Garnik,Ushiama,Development
448297,Nahum,Ghelli,Sales
448214,Sumant,Morton,Development
448313,Chinhyun,Carrere,Sales
448235,Giao,Flowers,Sales
448323,Dipayan,Kadhim,Development
448334,Rasikan,Turnbull,Development
448237,Chenxi,Tagansky,Sales
448250,Susumu,Teitelbaum,Sales
448362,Denis,Erol,Sales
448363,Elrique,Duclos,Development
448364,Xuedong,Sinitsyn,Development
448369,Mohit,Ghelli,Development
448282,Rosine,Peek,Development
448394,Parke,Atchley,Sales
448406,Masami,Kitsuregawa,Development
448440,Idoia,Bala,Sales
448460,Selwyn,Kuszyk,Development
448572,Shigeu,Szilard,Development
448478,Ulf,Stanger,Development
448583,Leon,Wolniewicz,Development
448483,Snehasis,Tempesti,Development
448495,Goncalo,Scharstein,Development
448498,Ishfaq,Joslin,Development
448632,Chikako,Hiroyama,Development
448524,Kwangsub,Akazan,Development
448647,Rosalie,dAstous,Development
448566,Subhada,Milicia,Development
448681,Fayez,Gini,Sales
448694,Constantijn,Luef,Development
448860,Jixiang,Gecseg,Development
448861,Odysseas,Noriega,Development
448894,Rildo,Kugler,Development
448755,Masaki,Reeker,Development
448899,Rance,Mattern,Development
448762,Hirochika,Lakshmanan,Sales
448766,Yinghua,Fabrizio,Development
448908,Mountaz,Rehfuss,Development
448775,Arnould,Buescher,Development
448779,Alair,Gelosh,Development
448781,Luigi,Heering,Development
448974,Marlo,Vickson,Development
448795,Jolita,Brlek,Sales
448799,Shahab,Socorro,Sales
448808,Yannik,Adachi,Development
448813,Khosrow,Mullainathan,Sales
449139,Moni,Melton,Development
448846,Abdulla,Lipner,Sales
449141,Yuqun,Szmurlo,Development
449171,Divier,Luiz,Sales
449023,Jinpo,Kuhnemann,Sales
449181,Frederique,Tagansky,Development
449207,Takanari,Quaggetto,Development
449069,Gilbert,Gadepally,Development
449075,Aran,Lund,Development
449215,Arvind,Trumbly,Sales
449082,Barry,Merey,Development
449087,Khalid,Eppinger,Sales
449223,Gad,Peak,Sales
449103,Minghong,Mandelberg,Development
449226,Shahid,Caine,Development
449237,Conal,Beutelspacher,Sales
449115,Kellyn,Levasseur,Sales
449116,Rosli,Ranft,Development
449261,Hidefumi,Baaleh,Development
449263,Aemilian,Leaver,Sales
449276,Geoff,Milicic,Development
449436,Hitofumi,Paciorek,Sales
449290,Snehasis,Comellas,Development
449318,Khue,DuBourdieux,Development
449323,Woody,Fujisawa,Development
449477,Jaroslava,Zykh,Development
449363,Marco,Schahn,Development
449369,Halsur,Litzler,Development
449485,Along,Murtafg,Development
449379,Val,Grandbois,Development
449386,Kwan,Montemayor,Sales
449487,Yonghong,Codenie,Sales
449489,Naftaly,Hertweck,Sales
449504,Chaitali,Porenta,Development
449507,Teruyuki,Back,Sales
449521,Tristan,Kalloufi,Development
449540,Wayne,Millington,Development
449577,Serap,Brobst,Sales
449745,Jeong,Imataki,Sales
449581,Chuanti,Stamatiou,Sales
449596,Shigeu,Ernst,Sales
449604,Ottavia,Varman,Development
449657,Cathie,Serre,Sales
449664,Toshimitsu,Wielonsky,Development
449816,Mariangiola,Lanzelotte,Sales
449693,Teruyuki,Angiulli,Development
449847,Junichi,Garnier,Development
449992,Barry,Azevdeo,Development
449880,Charlene,Ermel,Development
449903,Teruyuki,Billingsley,Sales
449996,Georg,Kavvadias,Development
449916,Zhonghua,Leslie,Development
450003,Malu,Merlo,Development
450012,Byong,Ashish,Development
449945,Shuzo,Peris,Development
450114,Duro,Erdmenger,Sales
449961,Diederik,Swist,Development
449962,Marsal,Heystek,Sales
450138,Kensyu,Schueller,Development
450306,Idoia,Gurbaxani,Development
450192,Sachem,Ghalwash,Sales
450216,Ziya,Herath,Development
450319,Abdelwaheb,Panienski,Development
450248,Nigel,Zaiane,Development
450347,Otilia,Lamba,Development
450264,Aloke,Socorro,Development
450360,Moriyoshi,Schmittgen,Development
450384,Raimond,Anido,Development
450422,Tayeb,Ebeling,Development
450405,Radoslaw,Grospietsch,Development
450457,Fun,Ranka,Sales
450468,Aimee,Lakshmanan,Development
450409,Marla,Babb,Development
450585,Gaetan,Remmele,Sales
450495,Isaac,Boguraev,Development
450496,Shuji,Rosti,Development
450596,Dante,Jiafu,Development
450549,Hyuckchul,Sudbeck,Sales
450622,Xuejun,Undy,Sales
450556,Douadi,Zolotykh,Development
450735,Chaitali,Naumovich,Sales
450625,Conrado,Calkin,Development
450670,Udo,Haumacher,Development
450768,Lech,Erdi,Development
450683,Kayoko,Genther,Sales
450812,Feiyu,Gerteisen,Development
450822,Wuxu,Furedi,Development
450842,Charmane,Danner,Development
450834,Boguslaw,Pelz,Development
450860,Angus,Billingsley,Sales
450990,Randi,Ramras,Sales
450874,Sven,Rebaine,Development
451001,Kitty,Bottner,Sales
451007,Mingzeng,Jeong,Sales
450893,Ulises,Gerlach,Sales
451020,Abdelwaheb,Masada,Sales
451040,Taisook,Backhouse,Development
450910,Niranjan,Bodoff,Sales
450982,Takahiro,Spieker,Development
451068,Howell,Collavizza,Sales
451115,Zejun,Wrigley,Development
451270,Harngdar,Uludag,Development
451313,Xiong,Chinin,Development
451164,Shahaf,Pargaonkar,Sales
451166,Kazuyasu,Spataro,Development
451173,Aloke,Lorie,Sales
451348,Mayuko,Vanwelkenhuysen,Sales
451361,Kristen,Petersohn,Sales
451364,Maia,Raney,Development
451366,Sudhanshu,Heystek,Development
451392,Sachar,Sadowski,Sales
451565,Vishv,Shimshoni,Development
451416,Tru,Baig,Sales
451422,Ranga,Mundy,Sales
451426,Tetsushi,Nitsche,Development
451441,Sahrah,Rijckaert,Sales
451579,Hyuncheol,Narahari,Development
451482,Cathie,Molenkamp,Development
451488,Kshitij,Shackel,Development
451589,Angus,Naudin,Sales
451621,Premsyl,Shimshoni,Development
451637,Gudjon,Polajnar,Development
451548,Mari,Sridhar,Sales
451858,Moon,Mateescu,Development
451712,Poorav,Eldridge,Sales
451751,Kwan,Hasham,Sales
451754,Arnould,Krupka,Development
451920,Shigeichiro,Luck,Development
451768,Jianhao,Pettey,Sales
451776,Ravishankar,Coombs,Sales
451794,Masali,Constantine,Development
451795,Nirmal,Rosaz,Development
451809,Stella,Glowinski,Development
451830,Masanao,Lamba,Development
451921,Jayesh,Radhakrishnan,Development
452163,Tesuro,Koprowski,Development
451992,Yuriy,Hagimont,Development
452021,Karoline,Kobuchi,Sales
452187,Tooru,Vilarrasa,Development
452061,Ramya,Tramer,Sales
452201,Guenter,Piveteau,Development
452093,Fun,Menhoudj,Development
452210,Waiman,Kavanagh,Development
452096,Jahangir,Foong,Sales
452215,Arun,Macedo,Development
452115,Barun,Sessa,Development
452119,Dayanand,Kuhnemann,Sales
452221,Xinyu,Hainaut,Sales
452232,Baziley,Masada,Sales
452239,Stevo,Vendrig,Development
452263,Jaewon,Braccini,Development
452265,Hisao,Nastansky,Development
452261,Khedija,Prenel,Development
452409,Jaihie,Szmurlo,Sales
452302,Toong,Maliniak,Development
452312,Kaijung,Portugali,Sales
452451,Duro,Matzen,Development
452324,Mokhtar,Wielonsky,Sales
452326,Sugwoo,Fontet,Development
452367,Martina,Georgakopoulos,Development
452461,Suvo,Heijenga,Development
452462,Demos,Esposito,Development
452388,Ung,Maraist,Sales
452472,Sreenivas,Zaiane,Development
452399,Ugo,Furudate,Development
452481,Kazunori,Kavanagh,Sales
452499,DAIDA,Kitai,Development
452550,Thanasis,Perez,Development
452541,Morris,Strandh,Sales
452690,Maia,Hempstead,Sales
452608,Aimee,Yeung,Development
452715,Taegyun,Marshall,Development
452739,Yinghua,Thombley,Development
452759,Kazuhide,Uehara,Sales
452687,Moss,Wissmann,Sales
452761,Vishwani,Hellwagner,Sales
452769,Domenick,Huhdanpaa,Development
452777,Rance,Chiola,Development
452837,Muzhong,Garnham,Development
452785,Honglan,Cusworth,Development
452858,Tiina,Bage,Development
452792,Dmitry,Bade,Sales
452796,Xinan,Flexer,Sales
452869,Abdulla,Klassen,Development
452809,Tzvetan,Picel,Development
453076,Gunilla,Azuma,Development
452928,Etsuo,Bondorf,Sales
453126,Jeanna,Lowrie,Development
453133,Mani,Terekhov,Sales
453151,Yuping,Rosiles,Sales
453155,Rosella,Matzov,Sales
453262,Manohar,Eiron,Development
453161,Shuho,Mondadori,Development
453183,Maha,Ventosa,Sales
453206,Marsja,Schaft,Development
453214,Xiaoheng,Hennebert,Development
453265,Kauko,Auria,Development
453268,Debaprosad,Michaeli,Development
453316,Gennady,Conde,Development
453235,Unal,Harbusch,Sales
453245,Shir,Reinhart,Development
453342,Sashi,Matzel,Sales
453405,Takushi,Merli,Development
453406,Nalini,Itzfeldt,Development
453360,Jianhao,Perfilyeva,Development
453541,Fumitake,Stasinski,Development
453464,Ferdinand,Tokunaga,Sales
453479,Zhensheng,Sudbeck,Sales
453509,Douadi,Fiebach,Development
453591,Odoardo,Cullers,Sales
453529,Lokesh,Journel,Development
453596,Boutros,Petersohn,Sales
453660,Supot,Lueh,Sales
453704,Alper,Murtafg,Development
453708,Brigham,Encarnacion,Development
453718,Mohan,Kumaresan,Sales
453722,Maja,Ushiama,Sales
453734,Junsik,Aloisi,Development
453736,Siamak,Schmiedel,Sales
453766,Vatsa,Begiun,Sales
453805,Ziyad,Selvestrel,Development
453808,Hidefumi,Ruemmler,Development
453811,Mountaz,Shimshoni,Sales
453661,Yifei,Stanger,Development
453667,Takahiro,Swan,Development
453972,Shem,Molenaar,Sales
453837,Shrikanth,Basawa,Sales
454057,Jianwen,Sabnani,Sales
453874,Arnould,Erol,Development
453926,Kwee,Ginneken,Development
454081,Paddy,Angiulli,Sales
453952,Constantino,Callaway,Sales
454101,Anneke,Leslie,Sales
454110,Franziska,Ramalingam,Development
454261,Gor,Schaaf,Sales
454132,Ugo,Boreale,Development
454322,Dulce,Delaune,Sales
454178,Yoshimitsu,Genin,Development
454182,Mack,Cooke,Sales
454340,Amabile,Alencar,Development
454231,Giordano,Schoegge,Sales
454233,Ewing,Bruckman,Sales
454365,Kazuhisa,Koshino,Development
454247,Xinan,Perfilyeva,Sales
454375,Nevio,Paludetto,Sales
454376,Fabrizio,Rosaz,Sales
454389,Nathan,Garnick,Development
454398,Qunsheng,Braunmuhl,Sales
454400,Gen,Vecchi,Sales
454607,Elgin,Unno,Development
454444,Mamdouh,Wynblatt,Sales
454449,Jasminko,Wilfing,Development
454643,Woody,Apsitis,Development
454659,Xiahua,Kamber,Development
454680,Otilia,Pollock,Development
454836,Kazuyasu,Siprelle,Development
454709,Serap,Haldar,Development
454733,Peer,Milicia,Development
454863,Abdelghani,Krichel,Development
454745,Marjo,Vigier,Development
454750,Fumitake,Naudin,Development
454754,Bernd,Skogmar,Sales
454761,Sumant,Hmelo,Development
454900,Shalesh,Malabarba,Development
454789,Ramachenga,DuBourdieux,Sales
454931,Duangkaew,Salvesen,Development
454932,Sampalli,Zaiane,Sales
454966,Genta,Goodrum,Sales
454951,Weiye,Bauknecht,Sales
454991,Haldon,Koblick,Sales
455103,Tremaine,Docker,Development
455009,Udaiprakash,Birta,Sales
455112,Chaoyi,Rosen,Sales
455122,Chaosheng,Molenkamp,Development
455123,Satoru,Lamparter,Development
455160,Mahendra,Cooley,Development
455088,Alenka,Sevcikova,Development
455096,Masanao,Zaiane,Development
455164,Khosrow,Wilfing,Sales
455172,Chiradeep,Litecky,Development
455223,Sariel,Fabrizio,Development
455258,Vatsa,Leuchs,Development
455266,Zita,Czaja,Development
455237,Kotesh,Walston,Development
455392,Wojceich,Rothenberg,Development
455333,Souichi,Anick,Development
455402,Nidapan,Luce,Sales
455337,Kamakshi,Berendt,Development
455464,Willard,Crelier,Sales
455355,Remko,Rotem,Sales
455373,Shimshon,Eiter,Sales
455470,Gal,Toyoshima,Development
455529,Hidefumi,Rodier,Sales
455476,Limsoon,Speek,Sales
455496,Kasidit,Schaap,Sales
455559,Shan,Papastamatiou,Sales
455512,Nevin,Pollock,Development
455727,Kolar,Veccia,Sales
455590,Claude,Danlos,Development
455622,Teiji,Klyachko,Development
455631,Barry,Gewali,Development
455649,Kirk,Marwedel,Development
455755,Mihalis,Kenevan,Development
455758,Garnet,Nilsson,Development
455769,KayLiang,Braunmuhl,Sales
455837,Sachin,Lindqvist,Sales
455844,Masadi,Rosiles,Development
455770,Petter,Picci,Sales
455848,Pramod,Penttonen,Development
455801,Suzette,Paludetto,Development
455871,Sachar,Verspoor,Development
455809,Ramachenga,Dusink,Development
455957,Mack,Basagni,Sales
455902,Marsha,Demos,Development
455966,Guoxiang,Rissanen,Sales
455927,Gina,Deverell,Development
455932,Wanqing,Polupanov,Development
455933,Danco,Beilner,Development
455998,Dante,Panangaden,Sales
456007,Souichi,Aloia,Sales
456030,Yechezkel,Smeets,Development
456100,Monique,Lalonde,Sales
456101,Masako,Krone,Development
456053,Eldridge,Buescher,Development
456111,Vincent,Legleitner,Sales
456079,Ayakannu,Kalefeld,Sales
456133,Aleksander,Ullian,Development
456158,Jungsoon,Takanami,Development
456089,Huican,Kamber,Development
456161,Pranas,Lindenbaum,Sales
456241,Rafael,Bolsens,Development
456174,Vojin,Raczkowsky,Sales
456204,Leif,Zschoche,Sales
456205,Faiza,Botman,Development
456286,Maria,Taubenfeld,Sales
456294,Vishv,Shinomoto,Development
456300,Demin,Chiodo,Development
456317,Lucian,Beerel,Development
456411,Masanao,Maraist,Sales
456361,Bouchung,Georgatos,Development
456440,Kersti,Stassinopoulos,Development
456553,Aram,Gulla,Sales
456556,Gay,Ghemri,Sales
456601,Zeljko,Sanella,Sales
456672,Jongsuk,Schaap,Development
456683,Yishai,Qiwen,Development
456692,Akeel,Polupanov,Development
456718,Arumugam,Gurbaxani,Sales
456603,Khun,Trystram,Development
456610,Erez,Ellozy,Development
456736,Anoosh,Pettit,Development
456744,Maia,Chandrasekhar,Development
456751,Danai,Pfau,Sales
456806,Filipp,Vingron,Development
456657,Frederique,Akaboshi,Sales
456959,Giordano,Figueira,Development
456905,Filipe,Tzvieli,Development
456919,Garnet,Homond,Development
456927,Kensei,Comellas,Sales
456990,Urs,Merks,Development
457015,Yoshinari,Biran,Sales
457092,Serif,Kriebel,Development
457051,Rosli,Bain,Sales
457125,Leah,Krupka,Sales
457126,Hongzue,Warwick,Sales
457138,Stepehn,Baek,Development
457054,Pascal,Litecky,Development
457071,Gino,Herath,Development
457089,Jacqueline,Lambe,Development
457184,Akemi,Makrucki,Development
457191,Barun,Iacovou,Development
457291,Charlene,Kitsuregawa,Development
457201,Bowen,Muhling,Development
457202,Uzi,Mersereau,Sales
457206,Zhiguo,Nitta,Development
457387,Nikolaus,Redmiles,Sales
457295,Janalee,Rusterholz,Development
457392,Taisook,Terlouw,Development
457299,Zito,Molenkamp,Development
457360,Fumitaka,Rosar,Sales
457417,Hongzue,Kirkerud,Development
457422,Dung,Fasbender,Sales
457443,Wonhee,Sethi,Sales
457457,Nahid,Moehrke,Development
457461,Sachio,Chenoweth,Development
457541,Jovan,Furudate,Development
457487,Padma,Valtorta,Sales
457550,Mingdong,Schlegelmilch,Sales
457577,Adin,Rosay,Sales
457591,Jaewoo,Imataki,Development
457598,Marla,Vidya,Development
457717,Jeong,Iwayama,Development
457601,Magdalena,Leuchs,Development
457606,Bodo,Janocha,Sales
457627,Hiroyasu,Giaccio,Development
457651,Hongzhu,Pauthner,Development
457770,Ute,Nitsch,Sales
457948,Fayez,Basagni,Development
457801,Abdulla,Antonakopoulos,Sales
457964,Nigel,Zallocco,Development
457970,Herb,Matteis,Development
457836,Yoshinari,Veeraraghavan,Development
457972,Stamatina,Luck,Development
457842,Xianlong,Sidou,Development
457973,Shahid,Maksimenko,Sales
457849,Vugranam,Benveniste,Sales
457990,Taiji,Oaver,Development
457862,Masamitsu,Holburn,Development
458009,Rosine,Laventhal,Development
457880,Chrisa,Segond,Sales
458015,Amalendu,Noriega,Development
458017,Sampalli,Pellegrinelli,Sales
458054,Yagil,Benaini,Development
458058,Marjo,Klassen,Development
458236,Tadahiko,Kumaresan,Development
458090,Teunis,Hofstetter,Development
458105,Zejun,Jonsson,Development
458238,Barton,Baumann,Development
458135,Navid,Olivero,Development
458266,Shahid,Badache,Sales
458147,Erzsebet,Ramsey,Sales
458162,Pragnesh,Pearson,Development
458286,Bokyung,Doering,Development
458326,Christfried,Penttonen,Development
458199,Yuguang,Isard,Development
458222,Djenana,Kavvadias,Sales
458356,Mari,Stenning,Development
458377,Hidekazu,Lieblein,Development
458525,Amstein,Angiulli,Sales
458384,Rutger,Bashian,Sales
458398,Macha,Farris,Development
458416,Lucian,Krybus,Development
458419,Munir,Avouris,Development
458528,Danco,Famili,Sales
458535,Shaowei,Krohm,Sales
458564,Shmuel,Portugali,Sales
458452,Mamdouh,Suwa,Sales
458596,Diederik,Lubachevsky,Development
458597,Valeri,Feldmann,Sales
458612,Zsolt,Suppi,Sales
458798,Persi,Rotem,Development
458665,Xiaopeng,Chepyzhov,Development
458690,Yagil,Osgood,Development
458695,Dmitry,Schreiter,Sales
458830,Denny,Murillo,Development
458710,Uwe,Willoner,Development
458712,Bingning,Miake,Development
458851,Larisa,Monarch,Sales
458739,Jacqueline,Lienhardt,Development
458742,Fay,Ranze,Development
458752,Dzung,Ernst,Development
458868,Xudong,Olano,Development
458787,Katsuyuki,Brandsma,Sales
458875,Hatim,Vesna,Development
459083,Eishiro,Morton,Development
458936,Jacqueline,Siksek,Sales
458948,Mang,Boissier,Sales
458963,Mayuri,Krider,Development
458966,Billie,Ciolek,Development
458972,Emdad,Nergos,Development
459100,Mohammad,Thibadeau,Development
458987,Shushma,Prenel,Development
459154,Odoardo,Garigliano,Development
459016,Vatsa,Yoshizawa,Sales
459020,Shiv,Peha,Development
459026,Kazuhisa,Gyimothy,Development
459031,Kazuhiro,Raoux,Sales
459042,Lena,Hiyoshi,Development
459158,Naftali,Anger,Sales
459173,Lein,Basawa,Sales
459069,Charmane,Geffroy,Development
459177,Duangkaew,Velardi,Development
459189,Marsja,Thebaut,Development
459450,Kersti,Sullins,Development
459228,Kwun,Reinhard,Development
459240,Randi,Henders,Development
459247,Teunis,Aseltine,Development
459307,Garnik,Pouyioutas,Development
459332,Krassimir,Luan,Sales
459339,Khalil,Henseler,Sales
459342,Niclas,Vidal,Sales
459347,Martijn,Baca,Sales
459351,Zorica,Jeansoulin,Development
459462,Dzung,Lortz,Development
459531,Gian,Kawashimo,Development
459551,Amalendu,Jervis,Sales
459572,Houman,Sewelson,Sales
459463,Akeel,Denis,Sales
459489,Pascal,Comellas,Development
459596,Constantino,Bernardinello,Development
459609,Lenore,Peris,Sales
459617,Sangeeta,Pollacia,Sales
459497,Phillip,Facello,Development
459623,Marjo,Camarinopoulos,Development
459625,Stella,Lammel,Development
459646,Uri,Rouquie,Sales
459635,Valeri,Gaughan,Sales
459650,Przemyslawa,Pepe,Sales
459662,Jasminko,Krybus,Development
459671,Mark,Flowers,Development
459679,Bikash,Budinsky,Development
459811,Gopalakrishnan,Meszaros,Development
459692,Kyoichi,Flasterstein,Sales
459711,Fusako,Junot,Sales
459750,Danai,Ernst,Sales
459867,Nechama,Theuretzbacher,Development
459877,Shem,Demir,Sales
459883,Richara,Businaro,Development
459757,Duri,Chimia,Development
459930,Genevieve,Przulj,Development
459918,Yakkov,Quittner,Development
459921,Chirstian,Quittner,Sales
459991,Nevin,Salinas,Development
460114,Sailaja,Perna,Sales
460010,Marl,Masada,Development
460032,Kenroku,Cusworth,Development
460157,Sudhanshu,Parascandalo,Sales
460033,Paris,Ariola,Sales
460174,Udo,Felcyn,Development
460044,Houman,Litecky,Development
460046,Domenick,Codenie,Development
460186,Zhanqiu,Papastamatiou,Sales
460359,Elgin,Lundstrom,Development
460361,Roddy,Vieth,Sales
460395,Salvador,Rosar,Sales
460229,Aimee,Avouris,Sales
460244,Danae,Menhardt,Development
460425,Inderjeet,Sidhu,Development
460478,Masadi,Talmon,Development
460300,Berhard,Stemann,Development
460323,Tse,Erbe,Development
460335,Toney,Sethi,Sales
460340,Arun,Shanbhogue,Development
460491,Xiaopeng,Birge,Development
460652,Joydip,Back,Development
460498,Jacopo,Ponthieu,Sales
460511,Hyuncheol,Ponthieu,Development
460531,Satyanarayana,Lagarias,Sales
460655,Alenka,Azuma,Sales
460660,Pranav,Azevdeo,Sales
460549,Boriana,Pillow,Sales
460673,Houman,Zallocco,Development
460564,Marie,Percebois,Development
460723,Christfried,Pollock,Sales
460568,Zhiwei,Schiettecatte,Development
460576,Pascal,Arlazarov,Development
460588,Chuanyi,DasSarma,Development
460739,Yinlin,Wossner,Development
460613,Odysseas,Alpin,Development
460755,Werner,McClurg,Sales
461005,Vugranam,Zaccaria,Sales
460814,Sadegh,Birnbaum,Development
460817,Ewing,Worfolk,Sales
460825,Minghong,Molenaar,Development
460853,Guther,Stasinski,Sales
460859,Duke,Sadowsky,Development
460876,Vidar,Aingworth,Development
461022,Munehiko,Krichel,Development
460894,Hideyuki,Suppi,Development
460902,Nimmagadda,Aamodt,Development
461027,Raimond,Acton,Development
460918,Noritoshi,McClure,Development
461210,Kish,Chleq,Sales
461091,Faiza,Marciano,Development
461219,Martina,Ushiama,Development
461102,Zengping,Bhattacharjee,Sales
461271,Constantijn,Erva,Sales
461118,Itzchak,Kaiser,Development
461140,Khun,Ramsay,Development
461145,Filipp,Selenyi,Development
461295,Insup,Bierman,Sales
461178,Masasuke,Verhoeff,Sales
461303,Badri,Simmen,Development
461309,Nahum,Zaumen,Development
461317,Leni,Chartres,Development
461319,Kenton,Rotem,Development
461328,Mohit,McAffer,Sales
461545,Mooi,Highland,Development
461358,Bernice,Boguraev,Development
461364,Vasilii,Huttel,Sales
461373,Yonghoan,Collette,Development
461417,Jianhui,Cromarty,Development
461556,Gina,Shokrollahi,Development
461615,Flemming,Borovoy,Sales
461480,Guttorm,Trystram,Development
461625,Margareta,Bael,Sales
461640,Krassimir,Auyong,Development
461803,Charmane,Radwan,Sales
461654,Douadi,Kropp,Development
461672,Adib,Cardazo,Development
461693,Fusako,Cappello,Development
461694,Arup,Dratva,Sales
461812,Kristine,Kaiser,Sales
461820,Lansing,Prenel,Development
461718,Florina,Gruenwald,Development
461833,Shuho,Rosar,Development
461848,Randi,Lemarechal,Sales
461751,Billie,Terlouw,Development
461757,Hailing,Isaac,Development
461758,Niclas,Weiland,Development
461763,Arunachalam,Marsiglia,Development
461860,Chaosheng,Syrotiuk,Development
461769,Bodo,Birge,Development
461861,Aron,Marsiglia,Sales
461877,Kousuke,Pepe,Development
461891,Ranan,Stranks,Development
461928,Gopalakrishnan,Wolniewicz,Development
461903,Hironoby,Puppe,Development
461949,Duro,Laurillard,Sales
461958,Mohit,Slobodova,Sales
461907,Van,Negoita,Sales
461960,Remko,Ramsay,Sales
461915,Alejandro,Sambasivam,Sales
461979,Fayez,Mandelberg,Development
462062,Francoise,Einsfeld,Sales
461990,Jacopo,Norsworthy,Sales
462073,Alassane,Plump,Sales
462016,Taiji,Danner,Sales
462017,Cheong,Cronau,Development
462028,Rasiah,Angot,Development
462034,Geoffry,Lund,Development
462208,Stafford,Hopewell,Sales
462085,Marco,Gulla,Development
462231,Anneke,Albarhamtoshy,Sales
462086,Fayez,Bressoud,Development
462237,Achilleas,Mundy,Development
462097,Mircea,Keohane,Sales
462246,Kenton,Cooley,Development
462111,Udo,Sudbeck,Development
462271,Feiyu,Redmiles,Sales
462119,Dmitri,Masamoto,Sales
462282,Adly,Morton,Sales
462132,Phule,Gronowski,Development
462284,Samphel,Farrow,Sales
462289,Kenroku,Adachi,Development
462145,Gurbir,Thimonier,Sales
462151,Akeel,Templeman,Development
462157,Mabhin,Emmart,Sales
462186,Mikhail,Fontet,Development
462506,Achilleas,Bugaenko,Development
462345,Taisook,Pileggi,Development
462351,Ohad,Jullig,Development
462368,Bodo,Tsukune,Development
462386,Parviz,Rullman,Development
462403,Kensei,Segond,Development
462510,Kshitij,Barvinok,Development
462512,Youjian,Leuchs,Development
462552,Hironobu,Michaels,Development
462559,Adas,Swift,Development
462776,Mostafa,Dechter,Sales
462470,Satyanarayana,Worfolk,Development
462473,Honesty,Butterworth,Development
462648,Fatemeh,Sridhar,Development
462668,Bedrich,Jenevein,Sales
462800,Sariel,Auria,Development
462698,Tzvetan,Blokdijk,Development
462829,Moss,Range,Development
462705,Mohit,Norsworthy,Sales
462844,Khatoun,Gini,Development
462737,Yuguang,Szemeredi,Development
462742,Jayson,Kruskal,Sales
462849,Tadahiro,Pintelas,Sales
462759,Bodo,Kaiserswerth,Development
462760,Chenye,Baja,Sales
462859,Xinglin,Gire,Development
462863,Jamaludin,Cullers,Development
462865,Kensei,Schaad,Sales
462875,Francoise,Picaronny,Development
462890,Jinya,Peak,Sales
462919,Taizo,Atrawala,Development
462924,Sanjay,Veevers,Development
463067,Oddvar,Gyorkos,Development
462933,Randy,Hemaspaandra,Development
462955,Eben,Kusakabe,Development
463078,Shirish,Mateescu,Sales
462994,Horward,Haldar,Sales
463010,Abdelwaheb,Prochazka,Development
463093,Evgueni,Frolund,Sales
463019,Jovan,Figueira,Sales
463131,Cathie,Bolsens,Development
463042,Billie,Peron,Development
463155,Aemilian,Sabnani,Development
463161,Subhash,Milicia,Development
463185,Yahiko,Rosay,Sales
463368,Kotesh,Irland,Development
463256,Mabhin,Demos,Sales
463312,Keung,Godskesen,Sales
463316,Seongbae,Iwayama,Development
463413,Kristinn,Lorys,Development
463431,Lalit,Samarati,Sales
463459,Mohammed,Farrag,Development
463463,Katsuyuki,Klerer,Sales
463519,Navid,Munch,Sales
463621,Lidong,Kobara,Development
463529,Inderjeet,Kusakabe,Development
463548,Chinho,Huhdanpaa,Development
463554,Kristina,Kranzdorf,Development
463649,Leaf,Picaronny,Sales
463658,Weiyi,Kroha,Sales
463665,Berthier,Hutter,Development
463679,Constantijn,Thimonier,Development
463725,Wonhee,Zumaque,Development
463768,Mihalis,Pillow,Development
463785,Marlo,Felder,Sales
463736,Howell,Smeets,Development
463806,Freyja,Borstler,Development
463808,Berni,Mitchem,Development
463746,Berhard,Reistad,Sales
463814,Lena,Kandlur,Development
463917,Harngdar,Cummings,Development
463862,Baocai,Compeau,Development
463921,Lalit,Bahr,Sales
463959,Lein,Zaccaria,Development
463978,Pasqua,Pillow,Development
464050,Shan,Bratten,Sales
464054,Ger,Ranai,Development
463993,Debaprosad,Serot,Development
464022,Bartek,Beznosov,Sales
464024,Bangqing,Yavatkar,Development
464033,Fan,Beilner,Development
464040,Hyuncheol,Kavraki,Sales
464194,Sakthirel,Brobst,Development
464155,Sachar,Horswill,Development
464160,Xiaoqiu,Knightly,Development
464200,Junichi,Foong,Sales
464220,Sibyl,Shrader,Development
464242,Gen,Androutsos,Sales
464346,Bernardo,Bazzichi,Sales
464310,Marit,Molenkamp,Sales
464365,Shaowen,Krogh,Sales
464374,Peternela,Slutz,Development
464319,Uzi,Lyonns,Development
464524,Youssef,Minakawa,Development
464454,Rosalyn,Anandan,Development
464622,Minghong,Liesche,Sales
464542,Masako,Holburn,Development
464631,Greger,Vesna,Development
464544,Duke,Koshiba,Sales
464654,Ohad,Pillow,Sales
464657,Martine,Baba,Sales
464550,Xuedong,Lamparter,Sales
464555,Kellyn,Zastre,Sales
464588,Xiaoshan,Pargas,Sales
464692,Paraskevi,Katiyar,Sales
464701,Hongzhu,Paludetto,Sales
464708,Taizo,Bierman,Sales
464713,Xiaoheng,Marletta,Development
464600,Martijn,Osgood,Development
464601,Honesty,Garigliano,Development
464906,Sachem,Stille,Development
464757,Mingzeng,Brattka,Development
464914,Jinxi,Bolotov,Development
464933,Alair,Kriebel,Development
464773,Yahiko,Leslie,Development
464799,Dipankar,Undy,Development
464820,Seshu,Linnainmaa,Development
464845,Toong,Hooghiemstra,Development
464857,Limsoon,Magliocco,Sales
464864,Shen,Schmittgen,Sales
464937,Fai,Luit,Development
464939,Woody,Eugenio,Sales
464942,Shiv,Alpin,Sales
464996,Takahira,Lagarias,Development
465194,Yechiam,Aloia,Development
465119,Radhakrishnan,Portugali,Sales
465131,Heather,Buescher,Sales
465146,Naftaly,Naumovich,Sales
465199,Wojceich,Plotkin,Development
465162,Iara,Hashii,Sales
465289,Troy,Perez,Sales
465328,Xianlong,Cesareni,Development
465290,Toshimo,Masaki,Development
465367,Chiranjit,Cappello,Development
465311,Mitchel,Lenart,Development
465370,Kazuhiko,Chvatal,Development
465321,Fumitaka,Slobodova,Sales
465391,Dipankar,Foote,Development
465392,Laurentiu,Ruemmler,Sales
465468,Chrisa,Cairo,Development
465471,Wilmer,Birta,Sales
465510,Kazuhira,Marciano,Development
465447,Mahmut,Kabayashi,Development
465460,Shawna,Meszaros,Development
465537,Jaideep,Plessier,Development
465609,Insup,England,Sales
465547,Bernice,Alpin,Sales
465560,Berhard,Wrigley,Development
465581,Kiyomitsu,Highland,Development
465657,Aiman,Garigliano,Development
465663,Anoosh,Llado,Sales
465582,Licheng,Lukaszewicz,Development
465603,Uma,Lorch,Sales
465679,Georgy,Segond,Development
465681,Stevo,Peral,Sales
465696,Roselyn,Thiran,Development
465698,Ranan,Demos,Sales
465757,Brewster,Morris,Development
465723,Eben,Siochi,Development
465725,Youngkon,Moffat,Development
465760,Tristan,Cullers,Sales
465740,Mohammed,Jahnichen,Development
465783,Constantino,Tchuente,Sales
465793,Make,Baek,Development
465818,Eben,Rosiles,Development
465901,Magdalena,Facello,Development
465904,Lorien,Schmezko,Development
465819,Ibibia,Hambrick,Development
465932,Mori,Stifter,Sales
465857,Nahla,Peron,Sales
465967,Mani,Liedekerke,Development
465977,Kiyotoshi,Suermann,Development
465980,Kazuhito,Hmelo,Development
465872,Maria,Litzler,Development
465880,Khoa,Wolniewicz,Development
465885,Gian,Randt,Development
466180,Troy,Lukaszewicz,Development
466034,Saniya,Lovengreen,Sales
466186,Alenka,Redmiles,Sales
466247,Zongyan,Furedi,Development
466042,Debaprosad,Yetto,Development
466058,Zhonghui,Murtha,Sales
466070,Xiaoqiu,Ranta,Development
466076,Shahaf,Vitiello,Development
466095,Candido,Stemann,Development
466251,Ger,Halevi,Development
466101,Manibrata,Kropp,Sales
466103,Phule,Homond,Development
466279,Adil,Goodrum,Sales
466297,Jaques,Ramras,Sales
466468,Irena,Granlund,Sales
466168,Khun,McFarlin,Development
466323,Luerbio,Prochazka,Sales
466487,Makato,Strooper,Sales
466342,Leandro,Wissmann,Development
466345,Baoqiu,Sluis,Sales
466490,Masako,Lenart,Development
466496,Utz,Raoux,Development
466511,Ramya,Tagansky,Development
466527,Shawna,Eterovic,Sales
466539,Van,Chappelet,Development
466416,Weiyi,Pargaonkar,Development
466749,Eckart,Sridhar,Development
466431,Taegyun,Gladwell,Development
466605,Harngdar,Sury,Development
466755,Zhongwei,Gill,Sales
466615,Mats,Wixon,Development
466759,Ferdinand,Ashish,Development
466764,Tadanori,Tsukuda,Sales
466629,Hailing,Marchegay,Sales
466632,Sumant,Burnard,Sales
466797,Raimond,Thimonier,Sales
466807,Haldun,Wroclawski,Sales
466867,Kwangjo,Klerer,Development
466701,Frederique,Ashish,Sales
466710,Becky,Chachaty,Development
466739,Navid,Birge,Development
466740,Oddvar,Feldhoffer,Sales
466869,Flemming,Magalhaes,Sales
467050,Manohar,Birta,Development
467065,Jeanne,Ginneken,Development
467116,Shirish,Straney,Sales
466958,Patricio,Snedden,Development
466969,Sariel,Skogmar,Development
466983,Sachio,Meszaros,Development
466984,Maya,Rosar,Development
466996,Etsuo,Cronin,Development
467129,Richara,Reinhard,Sales
467130,Cristinel,Passafiume,Sales
467160,Geraldo,Lyonns,Development
467345,Florian,Kobuchi,Sales
467204,Shiv,Tyugu,Sales
467357,Suebskul,Lichtman,Development
467360,Bodh,Garnier,Development
467362,Zhensheng,Codenie,Development
467381,Satyanarayana,Perez,Development
467418,Marl,Ranai,Development
467303,Chaosheng,Schach,Development
467430,Angel,Ossenbruggen,Development
467448,Halsur,Collette,Development
467452,Sailaja,Waeselynck,Development
467460,Parviz,Michaeli,Development
467607,Gio,Randt,Sales
467472,Idoia,Hooghiemstra,Development
467497,Phillip,Schach,Development
467502,Sukumar,Danner,Development
467609,Jongsuk,Masada,Development
467618,Jasminko,Isard,Development
467514,Khalid,Mateescu,Development
467520,Xianlong,Onuegbe,Sales
467524,Youngkon,Pearson,Sales
467581,Dines,Dalphin,Development
467593,Mayuko,Reghbati,Sales
467626,Kolar,Vasanthakumar,Development
467665,Gio,Lamma,Sales
467771,Breannda,Schaad,Sales
467773,Xuejia,Guenter,Sales
467680,Ravishankar,Luon,Sales
467787,Xiaoqiang,Ferriere,Sales
467705,Jayesh,Fendler,Sales
467804,Billie,Merli,Sales
467820,Jaewon,Buescher,Development
467823,Pohua,Ranft,Development
467706,Xianlong,Nastansky,Sales
467712,Maik,Iisaka,Development
467730,Miyeon,Eldridge,Development
467876,Zeydy,Mondadori,Sales
467738,Kien,Zielinski,Sales
468029,Felicidad,Hofting,Development
468030,Anoosh,Poujol,Development
468043,Mohamadou,Pappas,Development
467904,Gadiel,Eppinger,Development
467909,Marlo,Birge,Sales
468073,Tomofumi,Zaumen,Development
467942,Teunis,Sichman,Development
468100,Guoxiang,Lambe,Sales
467946,Randi,Baar,Sales
467970,Utz,Kuzuoka,Sales
467971,Xiaoqiu,DeMori,Development
467973,Gopalakrishnan,Cannard,Development
468122,Sarita,Vieth,Sales
468004,Sanjoy,Koblick,Sales
468006,Sajjan,Gewali,Sales
468129,Tzvetan,Hanratty,Sales
468160,Remko,Fendler,Development
468021,Mandell,Meszaros,Development
468325,Rosli,Papadias,Development
468175,Girolamo,Ranft,Sales
468369,Trygve,Iacovou,Development
468200,Munehiko,VanScheik,Development
468230,Marc,Bolotov,Development
468251,Kish,Kieras,Development
468371,Stamatina,Viele,Sales
468387,Kaijung,Pews,Sales
468280,Prasadram,Ernst,Development
468393,Kendra,Puppo,Development
468406,Alois,Michaels,Development
468291,Mohit,Avouris,Sales
468296,Shan,Bardell,Sales
468449,Soenke,Improta,Development
468306,Mircea,Argence,Development
468597,Masako,Polajnar,Development
468629,Arno,Heydon,Sales
468476,Prasadram,Mitina,Development
468477,Yuguang,Conde,Development
468686,Wuxu,Biron,Development
468524,Geraldo,Bellone,Sales
468527,Sibyl,Luan,Sales
468534,Ipke,Staelin,Development
468574,Dines,Leijenhorst,Development
468884,Marin,Cusworth,Sales
468899,Yunming,Pehl,Development
468920,Randy,Bahk,Development
468924,Zita,Wossner,Development
468802,Bodh,Karnin,Development
468942,Jouni,Matzat,Sales
468950,Jovan,Mundy,Development
468840,Sarita,Nitsch,Sales
468961,Rafael,Piancastelli,Development
468979,Tomoyuki,Straney,Development
469204,Kayoko,Madeira,Sales
469078,Moheb,Horswill,Development
469232,Prodip,Zambonelli,Sales
469108,Constantino,Bashian,Sales
469290,Mostafa,Varker,Development
469153,Gad,Masaki,Sales
469293,Phule,Koyama,Sales
469466,Barton,Birnbaum,Development
469314,Eberhardt,Krupka,Development
469509,Constantijn,Kaiserswerth,Development
469357,Taisook,Domenig,Development
469362,Martine,Nishimukai,Development
469383,Uli,Malinowski,Development
469384,Shahab,Nivat,Sales
469386,Cristinel,Cangellaris,Sales
469546,Krassimir,Ginesta,Development
469408,Shridhar,Reeken,Development
469575,Mircea,Collavizza,Sales
469580,Weiye,Escriba,Development
469731,Ramya,Bierman,Sales
469599,Arunas,Keirsey,Development
469600,Mircea,Conry,Sales
469758,Krisda,Pell,Development
469769,Ewing,Pelz,Sales
469799,Genki,Bahl,Development
469665,Manibrata,Bressoud,Development
469678,Dmitry,Clemencon,Sales
469806,Renny,Gelosh,Development
469807,Bangqing,Huxford,Development
469699,Xuejia,Rothe,Sales
469811,Marco,Braccini,Sales
469830,Lillian,Cummings,Development
469726,Ranga,Stasinski,Development
469839,Godehard,Luga,Development
469855,Arto,Cherinka,Development
470017,Nidapan,Swift,Sales
469887,Gad,Highland,Development
469894,Fumiyo,Pargas,Development
469899,Make,Streng,Sales
470033,Carrsten,Ciolek,Sales
469910,Huiqun,Baranowski,Development
469918,Tsz,Zongker,Development
470064,Jiong,Haldar,Development
469931,Panayotis,Ruther,Development
469951,Kien,Ebeling,Development
469958,Mikhail,Orlowska,Sales
470082,Goa,Kenevan,Development
469974,Djenana,Cochrane,Development
470088,Henk,Brookner,Development
470102,Tze,Stamatiou,Sales
470150,Richard,Foong,Sales
470297,Jaewon,Peha,Development
470212,Mark,Fraisse,Development
470309,Xuedong,Gerlach,Development
470216,Luise,Gornas,Development
470318,Remmert,Kolinko,Sales
470234,Zhonghui,Vanwelkenhuysen,Development
470319,Leen,Heping,Sales
470336,Kwun,Farrel,Development
470264,Premal,Undy,Sales
470343,Godehard,Kaelbling,Development
470276,Ishfaq,Kalorkoti,Development
470278,Martial,Busillo,Development
470364,Pranas,Munawer,Development
470478,Masaru,Azadmanesh,Sales
470494,Fabrizio,Argence,Sales
470497,Unal,Reinhard,Sales
470386,Yongmin,dAstous,Sales
470507,Kwun,McAlpine,Sales
470393,Khatoun,Botman,Sales
470533,Sakthirel,Comellas,Sales
470401,Inderjeet,Roohalamini,Sales
470550,Uno,Perng,Development
470411,Eric,Worfolk,Development
470734,Zhonghua,Heyers,Development
470574,Chrisa,Schaar,Sales
470590,Changho,Birsak,Development
470767,Sachin,Poehlman,Development
470610,Jacqueline,Berztiss,Development
470630,Huican,Jarecki,Sales
470774,Tsz,Falster,Development
470639,Xiaoqiang,Thebaut,Sales
470782,Fen,Henders,Sales
470651,Aleksandar,Stellhorn,Development
470808,Werner,Dulay,Development
470657,Richara,Wissmann,Development
470666,Niteen,Pusterhofer,Development
470673,Yongqiao,Neiman,Development
470845,Denis,Ozery,Development
470687,Arunas,Gargeya,Development
470689,Tomofumi,Koprowski,Sales
470716,Munehiko,Nitsche,Development
470861,Gian,Schaad,Development
471017,Miomir,Erie,Development
471050,Mingdong,Sluis,Development
470905,Tesuro,Goodrum,Sales
471079,Kasturi,Swiss,Sales
470933,Lakshmi,Walstra,Development
471139,Kiyotoshi,Collavizza,Development
470973,Juyoung,Zastre,Development
470976,Snehasis,Dredge,Sales
470979,Nahum,dAstous,Development
471001,Parke,Schade,Development
471293,Christoper,Ranon,Development
471160,Shounak,Unni,Development
471295,Pragnesh,Cronau,Sales
471173,Bedrich,Kaiser,Development
471304,Shrikanth,Barvinok,Development
471322,Aloys,Poupard,Development
471198,Bouchung,Peck,Development
471203,Jianhao,Serot,Development
471327,Ziva,Paciorek,Development
471375,Youssef,Beeson,Sales
471255,Mohua,Luck,Development
471383,Mohammed,Aamodt,Development
471385,Nirmal,Ratzlaff,Development
471391,Janche,Ghandeharizadeh,Development
471396,Monique,Itschner,Sales
471422,Teunis,Atchley,Sales
471433,Takanari,Khamsi,Development
471437,Christoper,Impagliazzo,Development
471444,Xinan,Welham,Sales
471445,Duangkaew,Zaccaria,Development
471425,Shen,Asmuth,Development
471584,Volkmar,Ranon,Development
471467,Nimmagadda,Gien,Development
471472,Youjian,Halloran,Development
471483,Janalee,Ozeki,Sales
471606,Masadi,Kropp,Development
471631,Mingsen,Ibel,Sales
471529,Munir,Aloia,Sales
471540,Odoardo,Baca,Development
471545,Kwangyoen,Guting,Development
471546,Cedric,Picht,Sales
471633,Kyoichi,Jervis,Sales
471549,Alejandro,Ramsak,Development
471637,Jaihie,Butner,Development
471646,Leandro,Unni,Development
471664,Breannda,Bharadwaj,Development
471678,Babette,Koshiba,Development
471715,Pasqua,Schusler,Sales
471716,Yuichiro,Billingsley,Development
471679,Suzette,Bazelow,Sales
471707,Ramachenga,Serra,Development
471753,Arlette,Pero,Development
471887,Volkmar,Renear,Development
471764,Gao,Schaaf,Development
471766,Tadanori,Miake,Development
471782,Alexius,Strehl,Development
471814,Saeed,Keustermans,Development
471904,Youssef,Brender,Sales
471929,Kristen,Bale,Development
471948,Debaprosad,Perng,Sales
471964,Janche,Leaver,Sales
471989,Tomokazu,Kadhim,Development
472021,Marsha,Wielonsky,Sales
472026,Ronghao,Savasere,Development
472149,Sverrir,Luck,Development
472066,Hugo,Schurmann,Development
472159,Vasilii,Ashish,Development
472096,Lubomir,Ernst,Development
472186,Dung,Janetzko,Sales
472116,Jaroslava,Azevdeo,Development
472192,Padma,Wrigley,Development
472209,Kasturi,Thambidurai,Development
472221,Takahiro,Naumovich,Development
472255,Marlo,Krohn,Sales
472268,Satoru,Lemarechal,Sales
472340,Gaurav,Jonsson,Development
472459,Emdad,Peternell,Development
472349,Zeljko,Ouhyoung,Sales
472381,Yucel,Maraist,Development
472392,Uzi,Masada,Sales
472399,Heping,Falck,Development
472411,Tianruo,Veldwijk,Development
472412,Zine,Eiter,Development
472496,Satosi,Marakhovsky,Development
472504,Nobuyoshi,Riefers,Sales
472513,Sanjoy,Birta,Sales
472709,Anestis,Majewski,Sales
472650,Theirry,Ratnakar,Sales
472678,Mitsuyuki,Gruenwald,Sales
472723,Arvind,Kowalchuk,Sales
472681,Richara,Kilgore,Development
472692,IEEE,Danecki,Sales
472743,Lunjin,Zweizig,Development
472701,Jiann,Isaac,Development
472705,Chaoyi,Gimarc,Development
472706,Kerryn,Morrin,Sales
472764,Boalin,Emden,Development
472853,Gila,Limongiello,Sales
473038,Radhika,Furudate,Development
472900,Shahaf,Copas,Development
472907,Sanjit,Chepyzhov,Development
472914,Weidon,Lorho,Sales
472925,Fusako,Prampolini,Sales
472939,Naraig,Dalton,Sales
472959,Mingdong,Leslie,Sales
472964,Shigeo,Beznosov,Development
472981,Nikolaos,Lally,Development
473140,Jiakeng,Rosti,Development
473166,Masamitsu,Erde,Sales
473184,Patricio,Slutz,Development
473049,Arie,Lyonns,Development
473202,Sadun,Benzmuller,Development
473076,Shaowei,Chelton,Development
473224,Arup,Crabtree,Development
473232,Jagoda,Baez,Sales
473100,Falguni,Speer,Development
473113,Toshimitsu,Angelov,Sales
473116,Sadun,Bultermann,Sales
473128,Weijing,Dredge,Development
473445,Koldo,Janetzko,Sales
473287,Odysseas,Bednarek,Development
473329,Rajmohan,Chaudhury,Development
473454,Yonghoan,Masaki,Sales
473350,Maia,Hammerschmidt,Development
473357,Weidon,Auyong,Development
473475,Dinkar,Moffat,Development
473477,Giap,Lindqvist,Development
473502,Satyanarayana,Fontet,Sales
473411,Piyush,Leaver,Sales
473514,Valeri,Kawashimo,Development
473521,Malu,Katalagarianos,Sales
473560,Subir,Ouhyoung,Development
473585,Doowon,Ushiama,Development
473715,Kwangho,Bultermann,Sales
473599,Gennady,Rissanen,Sales
473605,Nectarios,Monarch,Development
473619,Goo,Doering,Development
473718,Noritoshi,Luff,Development
473776,Aemilian,Demir,Sales
473645,Richard,Lichtner,Development
473690,Zhanqiu,Junot,Development
473783,Steve,Marchegay,Sales
473701,Richard,Angel,Development
473800,Herb,Lakshmanan,Sales
473801,Rosine,Manderick,Development
473804,Gopalakrishnan,Baba,Development
473848,Magdalena,Butner,Development
473812,Khue,Levergood,Sales
473834,Kish,Zobel,Sales
474073,Nishit,Vigier,Sales
473897,Seongbae,Rattan,Development
473903,Stella,Sichman,Sales
473911,Kwangyoen,Coorg,Development
473916,Leaf,Uludag,Sales
473919,Achilleas,Scallan,Development
473944,Kazuhiko,Rahier,Development
473947,Van,Alencar,Development
473953,Janche,Heystek,Sales
473954,Kristin,Bugrara,Sales
473964,Sanjeeva,Hempstead,Sales
474076,Masoud,Pusterhofer,Development
474086,Florian,Peroz,Development
474131,Shridhar,Riexinger,Development
474290,Fei,Zhiwei,Sales
474158,Jongsuk,Heijenga,Development
474194,Ult,Iisaka,Development
474200,Masako,Sabnani,Sales
474220,Vishwani,Munawer,Development
474353,Kannan,Zizka,Sales
474260,Willard,Pellegrinelli,Development
474376,Jovan,Bage,Development
474386,Collette,Ohori,Development
474439,Genta,Bauknecht,Development
474400,Herb,Ushiama,Sales
474453,Zhenbing,Poujol,Sales
474556,Duri,Hartvigsen,Sales
474474,Kazuhira,Lammel,Sales
474480,Shuji,Bisiani,Development
474490,Stafford,Koshiba,Development
474569,Paraskevi,Nyanchama,Sales
474519,Paloma,Kawashima,Sales
474577,Manohar,Plump,Sales
474528,Billie,Georg,Development
474586,Masamitsu,Wrigley,Sales
474619,Douadi,Lieberherr,Development
474636,Cristinel,Farrel,Development
474641,Xinan,Nastansky,Development
474684,Chinhyun,Klyachko,Sales
474728,Kousuke,Fandrianto,Sales
474755,Christ,Varker,Development
474851,Tomoyuki,Gerlach,Development
474797,Nitsan,Talmor,Development
474798,Chiranjit,Gide,Sales
474862,Youpyo,Chinin,Sales
474818,Narain,Ghemri,Development
474912,Nirmal,Lemarechal,Sales
474981,Baoqiu,Danner,Development
474921,Aimee,Baak,Sales
475003,Branimir,Miara,Sales
475009,Aral,Takkinen,Development
474943,Kazuhiko,Pileggi,Sales
475016,Takahira,Douceur,Development
474948,Gil,Stentiford,Sales
475039,Kotesh,Ertl,Development
475125,Martial,Dredge,Development
475051,Ulises,Vitiello,Development
475054,Dipankar,Buescher,Development
475077,Claude,Ouhyoung,Sales
475089,Sasan,Haraldson,Development
475148,Srinidhi,Pero,Development
475181,Ebbe,Terwilliger,Sales
475265,Fan,Simkin,Development
475266,Rance,Engelmann,Development
475269,Rance,Cullers,Development
475205,Maris,Rusterholz,Development
475299,Luigi,Cincotta,Sales
475218,Basant,Muhling,Development
475221,Yuqun,Rassart,Development
475327,Arve,Sommer,Development
475240,Yurij,Babu,Development
475334,Dietrich,Hiltgen,Sales
475338,Oscal,Desikan,Sales
475426,Vidya,Eugenio,Development
475377,Xinyu,Dayana,Development
475384,Kiyokazu,Domenig,Sales
475394,Gully,Ramaiah,Development
475441,Bernardo,Lorcy,Development
475448,Ingemar,Lorys,Sales
475463,Kendra,Kawashima,Development
475576,Herb,Merey,Development
475581,Perla,Veccia,Development
475468,Shigeu,Improta,Development
475599,Mototsugu,Versino,Development
475477,Guozhong,Dratva,Development
475613,Irene,Steinauer,Sales
475490,Piyush,Cyre,Development
475508,Heng,Miculan,Sales
475632,Mohamadou,Angiulli,Development
475634,Alagu,Alameldin,Development
475639,Maha,Ranka,Sales
475641,Girolamo,Azevdeo,Sales
475651,Poorav,Gubsky,Development
475654,Fumiyo,Tibblin,Development
475657,Shahid,Constantine,Development
475663,Mamdouh,Borstler,Development
475666,Kazuhiko,Veevers,Sales
475670,Hitomi,Billawala,Development
475676,Bowen,Vakili,Development
475681,Dinkar,Kinley,Development
475692,Inderjeet,Crabtree,Development
475847,Felicidad,Georgakopoulos,Sales
475707,Randy,Kaltofen,Development
475709,Godehard,Restivo,Development
475719,Gererd,Kaiserswerth,Development
475724,Susanta,Figueira,Development
475746,Tze,Tsunoo,Development
475756,Susumu,Ballarin,Development
475760,Billur,Hockney,Development
475767,Renee,Jansch,Development
475769,Kazuhisa,Ritzmann,Sales
475774,Vincent,Coombs,Development
475856,Halsur,Champarnaud,Development
475787,Zhiwei,Ramsak,Sales
475860,Brigham,Broomell,Sales
475868,Taiji,Molenkamp,Development
475809,Parke,Stifter,Development
475880,Szabolcs,Tetzlaff,Sales
475814,Yannik,Rodier,Development
475816,Tonny,Siksek,Sales
475817,Djelloul,Stassinopoulos,Development
475920,Bogdan,Matzke,Sales
475927,Geoff,Stassinopoulos,Sales
475946,Ulf,Marsiglia,Development
475962,Rasiah,Steenbeek,Sales
476016,Jasminko,Minakawa,Development
475972,Huican,Zambonelli,Sales
476166,Subhada,Quittner,Sales
476083,Chiradeep,Garigliano,Development
476100,Munir,Landherr,Development
476106,Guiseppe,Mitsuhashi,Sales
476167,Genta,Dulli,Sales
476180,Basant,Lueh,Development
476184,Shahid,Hofman,Sales
476190,Nathan,Porenta,Development
476222,Kristian,Mellouli,Sales
476282,Ohad,Mullainathan,Development
476244,Shem,Krone,Development
476314,Jinxi,Gente,Development
476448,Lene,Wielonsky,Development
476345,Mang,Gubsky,Development
476449,Tamiya,Tyugu,Development
476456,Remko,Rodiger,Sales
476492,Gully,Dichev,Sales
476495,Lijia,Honiden,Development
476564,Zhilian,Brookner,Sales
476509,Mizuhito,Kornyak,Sales
476510,Alagu,Gimarc,Sales
476584,Gonzalo,Noriega,Sales
476587,Sukumar,Huhdanpaa,Development
476533,Xumin,Penn,Development
476724,Kagan,Kamble,Sales
476652,Baziley,Lichtner,Development
476671,KayLiang,Winter,Sales
476783,Gino,Leaver,Development
476819,Jianhao,Pehl,Development
476894,Serap,Grospietsch,Development
476822,Yongqiao,Merli,Sales
476898,Ronghao,Bratten,Development
476983,Ziyad,Molberg,Development
476935,Emdad,Magliocco,Development
476997,Bowen,Gente,Sales
476954,Djelloul,Talmon,Development
477013,Kristina,Peng,Development
477017,Achilleas,Matteis,Development
477054,Arup,Emiris,Development
477065,Ult,Brickell,Development
477118,Hatim,Hutton,Development
477081,Aria,Cannata,Sales
477140,Christfried,Murrill,Sales
477142,Mrinalini,Stenning,Sales
477145,Georgy,Gilg,Development
477096,Aleksander,Puppe,Development
477160,Florian,Streit,Development
477255,Serenella,Juneja,Sales
477194,Xianlong,Furedi,Development
477197,Stevo,Spataro,Sales
477199,Xinan,Paciorek,Development
477298,Zengping,Denny,Sales
477246,Mara,Zeilberger,Sales
477302,Chenxi,Budinsky,Sales
477303,Kousuke,Zambonelli,Development
477308,Alejandra,Brandsma,Sales
477312,Fay,Ramalingam,Sales
477348,Clyde,Fioravanti,Sales
477444,Babette,Erez,Development
477381,Yuping,Serdy,Development
477485,Kwangjo,Schnelling,Development
477389,Abdulah,Claffy,Sales
477498,Koldo,Majewski,Development
477545,Shaunak,Preusig,Sales
477510,Atreyi,Demizu,Sales
477523,Patricio,Kavvadias,Development
477566,Anwar,Gelosh,Sales
477574,Lech,Tyugu,Development
477580,Nikolaos,Guerreiro,Sales
477587,Chrisa,Schonegge,Development
477684,Taegyun,Rabehasaina,Development
477637,Elgin,Pelz,Development
477738,Nevin,Lamma,Sales
477756,Pragnesh,Iivonen,Development
477652,Atreye,Koshino,Development
477778,Abdulah,Fadgyas,Sales
477655,Serap,Oxenboll,Sales
477783,Bikash,Gajiwala,Development
477658,Giao,Bruckman,Development
477673,Mizuhito,Woycyznski,Sales
477811,Shai,Whitcomb,Sales
477842,Kwangho,Journel,Development
477860,Selwyn,Servi,Development
477985,Beshir,Mattern,Development
477874,Navin,Pero,Development
478012,Mostafa,Leivant,Sales
477880,Arvind,Furudate,Development
477906,Mahendra,Varley,Sales
478033,Tonny,Luiz,Development
478037,Adib,Halevi,Development
478052,Kristinn,Matzel,Development
477922,Moriyoshi,Wissmann,Development
478075,Alexius,Stavenow,Sales
478088,Ung,Vanwelkenhuysen,Sales
477923,Augustine,Conde,Sales
478089,Pradeep,Gajiwala,Development
477930,Isamu,Stiles,Development
478250,Ranan,Rissland,Sales
478116,Debatosh,Piveteau,Development
478204,Arne,Narlikar,Development
478234,Mayuri,Bach,Development
478430,Weicheng,Samarati,Development
478458,Kwangho,Koblitz,Development
478273,Dulce,Prochazka,Sales
478279,Mack,Beeson,Development
478496,Goncalo,Swick,Development
478509,Luise,Gerlach,Sales
478284,Zeydy,Kropatsch,Development
478292,Boguslaw,Fasbender,Development
478303,Candido,Zyda,Development
478320,Doowon,Rosaz,Development
478344,Shahid,Rassart,Sales
478552,Teruyuki,Welham,Development
478357,Elrique,Reeker,Development
478572,Chaitali,Cusworth,Development
478581,Susuma,Peek,Development
478379,Kwun,Srimani,Development
478678,Mario,Sethi,Sales
478608,Aemilian,Hemaspaandra,Development
478647,Tomokazu,Hinsberger,Development
478687,Heeju,Ramras,Development
478742,Renee,Hainaut,Sales
478758,Zhanqiu,Ranft,Development
478985,Katsuo,Gubsky,Sales
478842,Pradeep,Herath,Development
478866,Elrique,Haumacher,Development
479012,Kazunori,Docker,Sales
479017,Hitofumi,Sherertz,Development
479035,Samphel,Chaudhury,Development
479119,Limsoon,Willoner,Development
479120,Leucio,Joslin,Development
479123,Narain,Berstel,Development
479038,Mitchel,Morton,Development
479065,Hideo,Farrow,Development
479070,Valery,Ozeri,Sales
479165,Chirstian,Pauthner,Sales
479097,Clyde,Schaar,Development
479167,Mayuri,Backhouse,Sales
479290,Lobel,Fujisaki,Development
479396,Mohammad,Blokdijk,Development
479398,Danae,Petersohn,Development
479293,Chandrasekaran,Bage,Sales
479402,Martina,Perfilyeva,Sales
479304,Pradeep,Wissmann,Development
479415,Vatsa,Merle,Sales
479333,Lene,Rosiles,Sales
479345,Sorina,Boudaillier,Development
479463,Aamod,Isard,Development
479357,Noritoshi,Perez,Development
479528,Saddek,Rodham,Development
479516,Fusako,Niizuma,Development
479543,Dmitri,Aumann,Sales
479559,Yuchang,Monkewich,Sales
479688,Lijie,Hanratty,Development
479562,Temple,Barreiro,Development
479566,Paraskevi,Manderick,Sales
479708,Hilary,Dayana,Sales
479582,Rafols,Grospietsch,Sales
479717,Moheb,Tzvieli,Development
479720,Sivanarayana,Figueira,Development
479598,Uriel,Dayang,Development
479749,Wilmer,Giaccio,Development
479615,Utpal,Sadowsky,Development
479764,Kazuhisa,Bashian,Development
479620,Heping,Skrikant,Development
479634,Ravishankar,Pelc,Development
479637,Genta,Marsiglia,Sales
479651,Lena,Roohalamini,Development
479958,Uta,Schmezko,Sales
479824,Manibrata,Auyong,Development
479850,Sorina,Codenie,Development
479975,Kazuhiro,Pews,Development
479866,Heng,Pellegrinelli,Development
480044,Sudhanshu,Jording,Sales
479885,Sariel,Schade,Sales
479894,Ipke,Gonthier,Sales
479905,Danai,Peir,Development
479906,Duri,Silva,Development
480051,Kwan,Erol,Development
480052,Chinho,Weisert,Development
480090,Gad,Krone,Sales
480096,Abdelaziz,Percebois,Development
480102,Przemyslawa,Geffroy,Development
480091,Morris,Shimshoni,Development
480259,Giap,Antonakopoulos,Development
480114,Shakhar,Suri,Sales
480121,Martina,Benveniste,Development
480135,Danny,Narahari,Development
480271,Zita,Sooriamurthi,Development
480175,Elrique,Schmiedel,Development
480296,Moriyoshi,Birnbaum,Development
480190,Kasturi,Brandsma,Development
480192,Dhritiman,Onuegbe,Sales
480199,Fumiyo,Msuda,Sales
480316,Pranay,Feinberg,Development
480322,Fumiko,Showalter,Development
480344,Hatem,Neimat,Development
480350,Zijian,Kalloufi,Sales
480376,Akhilish,Kieras,Sales
480587,Tonia,Trystram,Sales
480495,Iara,Zongker,Development
480631,Gao,Kavvadias,Development
480823,Ulf,Baig,Development
480670,Sanjoy,Penz,Sales
480674,Kannan,Giveon,Development
480699,Jiafu,Garnick,Development
480711,Srinidhi,Assaf,Sales
480825,Georgy,Rosaz,Sales
480862,Maris,Kropp,Sales
480742,Christoper,Wynblatt,Development
480920,Flemming,Plumb,Sales
480788,Idoia,Vesna,Development
480789,Masami,Mahmud,Sales
481096,Yongmao,Sadowsky,Development
480966,Duri,Mahnke,Development
480973,Emdad,Gien,Development
481000,Hidefumi,Zirintsis,Sales
481109,Renee,Rosaz,Development
481152,Zeydy,Schiper,Development
481040,Shahaf,Serdy,Sales
481079,Sibyl,Fiutem,Sales
481179,Remmert,Rosay,Development
481086,Marek,Radivojevic,Sales
481182,Domenick,Penttonen,Sales
481231,Mahendra,Conry,Sales
481222,Zhiwei,Wrigley,Development
481250,Evgueni,Cullers,Sales
481415,Mokhtar,Kaltofen,Sales
481288,Suzette,Chaudhuri,Development
481296,Dmitri,Begiun,Sales
481307,Hatsukazu,Pappas,Sales
481312,Yefim,Schapiro,Development
481315,Yuichiro,Petereit,Sales
481322,Salvador,Hettesheimer,Sales
481341,Hidde,Ranka,Sales
481343,Shaunak,Seiwald,Sales
481350,Ioana,Crabtree,Development
481364,Kazunori,Klassen,Sales
481365,Shaleah,Socorro,Development
481537,Yucai,Munch,Sales
481547,Marin,Rajcani,Development
481551,Akemi,Bednarek,Development
481570,Arnould,Standera,Development
481591,Masamitsu,Melski,Development
481599,Hausi,Kawashima,Sales
481645,Pantung,Solares,Development
481439,Kiam,Marakhovsky,Development
481670,Suvo,Bodoff,Development
481475,Jessie,Danley,Sales
481712,Vitaly,Jeong,Development
481476,Yahiko,Silva,Development
481502,Bikash,Fordan,Development
481750,Zvonko,Lieberherr,Sales
481815,Khedija,Jenevein,Development
481775,Gao,Hartvigsen,Development
481777,Shooichi,Gruenwald,Development
481847,Kiyotoshi,Saoudi,Sales
481961,Arne,Zumaque,Sales
481857,Ulises,Ecklund,Sales
482093,Ramzi,Vieri,Development
481975,Dayanand,Gruenwald,Sales
481981,Claudi,Spieker,Development
481985,Constantine,Vakili,Sales
481992,Kwan,Bednarek,Development
481995,Kwok,Snyers,Development
482007,Satyanarayana,Schrooten,Sales
482020,Manu,Azumi,Development
482024,Byong,Hofting,Development
482035,Conal,Beausoleil,Development
482095,Tomofumi,Dymetman,Development
482119,Mitsuyuki,Emden,Sales
482123,Nobuyoshi,Mungall,Sales
482237,Xiaopeng,Ranka,Development
482127,Georgy,Pena,Development
482150,Przemyslawa,Gluchowski,Sales
482188,Akemi,Panwar,Development
482282,Ewing,Taneja,Development
482297,Khedija,Lorho,Development
482308,Shietung,Georg,Development
482311,Shen,Iisaku,Development
482194,Fan,Tasistro,Development
482214,Dung,Michaeli,Development
482345,Lorien,Coney,Development
482355,Golgen,Kulisch,Development
482356,Bikash,Decaestecker,Sales
482514,Geoff,Constantine,Sales
482523,Adam,Plessier,Development
482376,Niranjan,Kusakabe,Development
482541,Teruyuki,Masaki,Sales
482386,Subir,McFarlin,Development
482555,Hyuncheol,Mansanne,Sales
482404,Ger,Verhaegen,Development
482413,Zhigen,Melski,Sales
482563,Kayoko,Ratzlaff,Development
482429,Wonhee,Guardalben,Development
482583,Danil,Wielonsky,Sales
482623,Sampalli,Honiden,Development
482469,Dayanand,Rahier,Development
482493,Lalit,VanScheik,Sales
482497,Tesuro,Nivat,Development
482625,Siamak,Michaeli,Sales
482640,Shmuel,Chandrasekhar,Sales
482648,Kinh,Velardi,Development
482813,Dipayan,Veccia,Sales
482654,Lokesh,Iisaka,Development
482659,Zhenbing,Passino,Sales
482672,Ymte,Molenaar,Development
482679,Krister,Decleir,Sales
482816,Freyja,Naumovich,Development
482819,Mostafa,Merkl,Development
482820,Weiye,Barriga,Sales
482701,Vitaly,Diderrich,Development
482828,Quingbo,Kavvadias,Development
482829,Arup,Melski,Sales
482846,Samphel,Quittner,Development
482730,Gio,Detkin,Development
482738,Munehiko,Peral,Development
482856,Sashi,Salvesen,Development
482747,Sumali,Lichtner,Development
482862,Shaw,Anido,Development
482863,Xiaobin,Spieker,Sales
482878,Chikara,Denti,Sales
482776,Kristin,Beilner,Sales
482883,Sanjai,Cheshire,Development
482886,Gritta,Pavlopoulou,Development
482894,Greger,Takanami,Sales
482935,Xiaoheng,Besancenot,Development
482980,Ulf,Domenig,Development
483082,Zito,Pileggi,Sales
482994,Miyeon,Garrabrants,Development
483083,Oldrich,Gente,Sales
483019,Kamran,Rosti,Development
483104,Dante,Daescu,Development
483136,Marjo,Perko,Sales
483065,Sudhanshu,Bahi,Development
483074,Shigeo,Heijenga,Sales
483140,Sigeru,Sridhar,Development
483144,Janalee,Morton,Sales
483158,Sumant,Weisert,Sales
483162,Mandell,Herath,Development
483240,Urs,Ruemmler,Sales
483183,Oscar,Ciolek,Development
483253,Tse,Schwartzbauer,Development
483208,Aran,Garnick,Sales
483285,Zhenhua,Baezner,Development
483384,Arne,Varman,Sales
483300,Giordano,Matzen,Development
483319,Hirochika,Koprowski,Development
483323,Jayesh,Parfitt,Development
483342,Jiakeng,Baik,Development
483429,Marco,Vural,Development
483347,Maik,Guenter,Development
483350,Ramya,Wiegley,Sales
483353,Mizuhito,Litvinov,Sales
483354,Ekawit,Speel,Sales
483438,Otmar,Hofstetter,Sales
483448,Fun,Peternell,Development
483509,Poorav,Seiwald,Development
483466,Leszek,Fujisaki,Development
483519,Duangkaew,Papsdorf,Development
483472,Gita,Pesch,Sales
483539,Gurbir,Hiroyama,Development
483499,Murthy,Vieri,Development
483572,Bedrich,Stroustrup,Sales
483650,Augustine,Peac,Development
483582,Kazuhito,Callaway,Development
483586,Nahla,Pardalos,Development
483604,Subhash,Wendorf,Sales
483605,Theron,Collette,Development
483635,Marsja,Backhouse,Development
483792,Irena,Unno,Sales
483821,Arunachalam,Fujisaki,Sales
483840,Manohar,Morrey,Development
483842,Marjo,DiGiano,Development
483846,Chikara,Merks,Sales
483849,Yakichi,Flowers,Development
483876,Tomofumi,Crouzet,Sales
483651,Sanjoy,Slobodova,Development
483656,Mana,Serot,Sales
483660,Chinho,Kaiserswerth,Development
483667,Adhemar,Baik,Development
483677,Mario,Impagliazzo,Development
483690,Shem,Erbe,Development
483951,Teunis,Parhami,Sales
483770,Zeydy,Szemeredi,Sales
483981,Shuky,Halevi,Development
483983,Shigeu,Ravishankar,Sales
483986,Siamak,Radhakrishnan,Development
484000,Bezalel,Reeker,Development
484010,Udaiprakash,Narahara,Sales
484020,Ayakannu,Oppitz,Development
484029,Shaz,Ramsak,Development
484087,Herb,Tagansky,Sales
484047,Danel,Leivant,Sales
484066,Arif,Zaccaria,Development
484105,Hercules,Portugali,Sales
484183,Udi,Cronin,Sales
484238,Moty,Marzano,Development
484260,Subhada,Sullins,Development
484286,Prasadram,DasSarma,Development
484305,Tuval,Mawatari,Sales
484206,Mana,Berstel,Development
484319,Younwoo,Siprelle,Development
484325,Yuping,Callaway,Development
484208,Lidong,Ebeling,Sales
484209,Sanjai,Soloway,Development
484211,Takanari,Henseler,Sales
484368,Yechiam,Litvinov,Development
484349,Bluma,Swiss,Development
484352,Munehiro,Nannarelli,Sales
484396,Janalee,Lortz,Sales
484499,Sergi,Ramras,Development
484504,Gou,Orlowski,Sales
484398,Qiwen,Borstler,Development
484403,Arnould,Minakawa,Development
484522,Denis,Paciorek,Sales
484424,Yifei,Pashtan,Development
484447,Christophe,Rajaraman,Development
484561,Feiyu,Bridgland,Sales
484568,Alexius,Bahr,Sales
484456,Emdad,Kalsbeek,Development
484574,Gal,Thimonier,Sales
484583,Xiping,Jording,Sales
484458,Xiaocheng,Bahk,Development
484489,Gritta,Wendorf,Development
484597,Alejandro,Barriga,Development
484602,Kenroku,Akiyama,Development
484605,Keung,Lorho,Development
484619,Fei,Fargier,Sales
484663,Miyeon,Tetzlaff,Development
484637,Randi,Lund,Development
484694,Salvador,Alvarado,Development
484794,Uri,Comte,Development
484799,Peternela,Roohalamini,Development
484808,Siddarth,Bale,Development
484702,Sanjay,Plotkin,Development
484725,Martina,Merel,Development
484730,Subhrajyoti,Solovay,Development
484734,Rafols,Keohane,Development
484736,Radhakrishnan,Stamatiou,Sales
484748,Shridhar,Orlowska,Sales
485083,Holgard,Huxford,Sales
484914,Weijing,Crelier,Development
484934,Magy,Aamodt,Development
484943,Danel,Iivonen,Sales
484946,Narain,Fritzsche,Development
485090,Hongzhu,Chinen,Development
485130,Eldridge,Brlek,Development
484985,Fei,Gide,Development
484997,Ravishankar,Oppitz,Development
485000,Conor,Quaggetto,Sales
485001,Perry,Jiang,Development
485163,Zhensheng,Rusmann,Development
485170,Kagan,Condotta,Development
485039,Shugo,Zhang,Development
485176,Xudong,Ellozy,Development
485189,Sigeru,Kemmerer,Development
485055,Cullen,Zyda,Development
485058,Jamaludin,Curless,Sales
485198,Snehasis,Vadhan,Development
485205,Yefim,Taneja,Sales
485387,Hatim,Wendorf,Development
485214,Yurij,Marquardt,Development
485238,Heather,Gargeya,Development
485244,George,Bage,Sales
485390,Honglan,Wixon,Development
485271,Luerbio,Kushner,Sales
485460,Przemyslawa,Karner,Development
485330,Guttorm,Stavenow,Sales
485467,Rayond,Peac,Development
485471,Jaroslava,Marchegay,Development
485487,Goetz,Roohalamini,Sales
485500,Kristian,Kroon,Sales
485729,Demin,Dayang,Sales
485523,Poorav,Rosaz,Development
485547,Ayonca,Verspoor,Sales
485559,Premal,Gist,Sales
485568,Inderjeet,Oskamp,Sales
485584,Uzi,Aingworth,Development
485604,Shem,Tagansky,Sales
485625,Huei,Michaels,Sales
485742,Mana,Bernardinello,Development
485754,Perla,Randi,Sales
485769,Kinh,Wroclawski,Sales
485777,Piyush,Siepmann,Sales
485773,Shalesh,Denny,Sales
485786,Masanao,Kobuchi,Development
485932,Chenye,Gilg,Development
485798,Barun,Georgakopoulos,Sales
485803,Manton,Hasham,Development
485822,Alenka,Koyama,Sales
485948,Idoia,Borstler,Sales
485844,Tsvetan,Monkewich,Sales
485846,Vishv,Gecsel,Development
485997,Filipe,Parfitt,Development
485888,Toshimi,Esteva,Development
486012,Ramzi,Shanbhogue,Development
486203,JoAnna,Gajiwala,Development
486083,Morrie,Rosenbaum,Sales
486207,Fumino,Valtorta,Sales
486246,Shaw,Birch,Sales
486140,Giap,Wiegley,Development
486143,Fai,Decaestecker,Development
486147,Nidapan,Lubachevsky,Development
486153,Zorica,Gien,Sales
486168,Suvo,Roison,Sales
486174,Mabo,Sinitsyn,Sales
486176,Rayond,Babb,Development
486198,Jaroslava,Danner,Sales
486345,Marsal,Brodie,Sales
486481,JoAnna,Gelosh,Development
486249,Claudi,Flexer,Development
486253,Rosalie,Nicolson,Development
486284,Venkatesan,Peternell,Sales
486307,Mart,Ruemmler,Development
486512,Sangeeta,Casley,Development
486516,Shih,Kitsuregawa,Sales
486518,Florian,Pashtan,Development
486531,Hatem,Siepmann,Development
486315,Sadok,Chorvat,Sales
486537,Mayuri,Orlowska,Sales
486549,Morris,Quadeer,Development
486631,Elgin,Szmurlo,Development
486553,Toshiki,Schiper,Sales
486561,Jordanka,Sommen,Sales
486562,Radoslaw,Angelopoulos,Sales
486568,Kiam,Pappas,Development
486639,Chirstian,Kolvik,Development
486651,Tse,Bennet,Development
486620,Torsten,Pluym,Development
486674,Adamantios,Luke,Development
486690,Goh,Bahk,Development
486775,Lene,Yetim,Development
486703,Masasuke,Lorcy,Development
486793,Tadahiro,Keustermans,Development
486720,Gou,Kumaresan,Development
486809,Oldrich,Schmittgen,Sales
486738,Sasan,Dulay,Development
486820,Basant,Velardi,Development
486831,Ennio,Quadeer,Development
486836,Remko,Klerer,Sales
486752,Toshimo,Scharstein,Sales
486753,Chinho,Hitomi,Sales
486925,Saeed,Hatcliff,Development
486888,Florina,Veeraraghavan,Sales
486931,Peternela,Bernini,Development
486952,Gen,Gimarc,Development
486965,Heather,Gornas,Development
487058,Fay,Brender,Development
486969,Vishwani,Picci,Development
486974,Hironobu,Fontan,Development
487071,Khoa,Klyachko,Sales
486977,Jaideep,Baik,Development
487005,Atilio,Carrere,Development
487075,Nevio,Alvarado,Development
487014,Amstein,Schiper,Development
487220,Douadi,Hiraishi,Development
487108,Souichi,Brendel,Development
487152,Radhia,Stamatiou,Sales
487182,Pantung,Kalefeld,Development
487231,Eishiro,Wendorf,Development
487258,Larisa,Kroll,Sales
487259,Akeno,Klerer,Development
487358,Godehard,Katalagarianos,Sales
487260,Katsuo,Nyrup,Sales
487359,Tesuya,Horswill,Development
487280,Adib,Hitomi,Development
487372,Arvind,Rosay,Sales
487373,Ingmar,Huxford,Development
487374,Jayesh,Swiss,Sales
487282,Masoud,Beeson,Development
487285,Augustine,Minakawa,Development
487393,Keung,Hebert,Sales
487286,Insup,Copas,Sales
487397,Mara,Farrag,Development
487495,Dekang,Shobatake,Development
487405,Ioana,Krychniak,Development
487444,Aran,Uehara,Development
487478,Nahid,Weisert,Development
487496,Masamitsu,Zaccaria,Development
487503,Bernardo,Maraist,Development
487508,Arfst,Roohalamini,Development
487522,Marlo,Kemmerer,Development
487633,Foong,Zweizig,Development
487649,Toney,Kornatzky,Development
487525,Irena,Buescher,Sales
487663,Jeane,Brizzi,Development
487538,Tomokazu,Douceur,Sales
487677,Danny,Kilgour,Development
487697,Conrado,Marciano,Sales
487703,Khedija,Sewelson,Development
487543,Xiping,Menhoudj,Sales
487709,Sanjai,Vasanthakumar,Development
487577,Nidapan,Bottner,Development
487743,Chanjung,Kavvadias,Sales
487758,Sandeepan,Wendorf,Development
487579,Zhongwei,Maksimenko,Sales
487580,Guiseppe,Gerteisen,Development
487611,Vasilis,Sethi,Development
487617,Berni,Hainaut,Development
487789,Val,Bellone,Development
487792,Nevio,Suessmith,Development
488018,Adamantios,Zweizig,Sales
487801,Panayotis,Ferriere,Development
487815,Khalil,Pollacia,Development
487825,Hilari,Kropatsch,Development
487849,Sanjiv,Perna,Development
487871,Mantis,Panwar,Sales
487884,Yuichiro,Kawashima,Development
487904,Gererd,Ciolek,Development
488068,Abdelghani,Sabnani,Sales
488189,Tianruo,Serra,Development
488104,Wonhee,Furedi,Development
488114,Krister,DuBourdieux,Development
488121,Urs,Schneeberger,Development
488141,Kristen,Hambrick,Development
488145,Phule,Kavanagh,Development
488149,Shawna,Krichel,Development
488191,Sanjay,Stassinopoulos,Development
488168,Adil,Kenevan,Development
488209,Shuho,Gulla,Development
488180,Kwangyoen,Arlazarov,Development
488222,Taisook,Kleiser,Sales
488255,Leif,Passafiume,Development
488335,Atreye,Giaccio,Development
488360,Roselyn,Fioravanti,Sales
488263,Cristinel,Lamparter,Development
488271,Aimee,Rahier,Development
488275,Ulises,Woycyznski,Sales
488279,Danny,Rohrbach,Sales
488400,Claudi,Gulla,Sales
488301,Shuzo,Matzen,Development
488500,Berto,Rabehasaina,Development
488436,Bernardo,Azuma,Development
488456,Eran,Vesna,Sales
488460,Shay,Borstler,Development
488525,Leen,Zolotykh,Sales
488627,Sven,Barvinok,Development
488630,Heejo,Muhling,Sales
488631,Marsha,Noriega,Sales
488661,Marlo,Verhaegen,Development
488667,Mayumi,Basagni,Development
488674,Uri,Ressouche,Sales
488682,Ugo,Badache,Development
488691,Debatosh,Bolsens,Development
488741,Atreyi,Lunt,Sales
488756,Adit,Luke,Development
488776,Jiann,Schmiedel,Development
488794,Bodo,Serdy,Sales
488813,Elliott,Gelosh,Sales
488857,Arto,Garrabrants,Sales
488877,Magy,Baca,Sales
488882,Kwangsub,Khalil,Development
488545,Shigeo,Condotta,Development
488928,Adel,Bazelow,Sales
488593,Venkatesan,Katalagarianos,Development
488969,Remko,Benzmuller,Sales
488988,Izaskun,Puppe,Sales
489050,Jeanna,Pramanik,Development
489040,Xiping,Lueh,Development
489060,Kazuhito,Sevcikova,Development
489063,Jianhui,Penn,Sales
489215,Conrado,Ritcey,Development
489117,Constantijn,Gustavson,Development
489269,Gully,Fontan,Development
489126,Anestis,Macedo,Development
489128,Nishit,Gluchowski,Sales
489318,Uta,Stellhorn,Development
489321,Greger,Curless,Sales
489130,Guadalupe,Ligten,Development
489471,Val,Jeong,Development
489341,Bernd,Schmezko,Development
489349,Foong,Schapire,Sales
489381,Elzbieta,VanScheik,Development
489504,Apostol,Kriebel,Sales
489405,Sarita,Heuter,Sales
489410,Falguni,Ratnakar,Sales
489440,Conor,Jonsson,Sales
489516,Jayesh,Erbe,Development
489452,Hercules,Sethi,Sales
489464,Marsha,Chepyzhov,Development
489536,Rosalyn,Parveen,Development
489560,Soenke,Vesel,Development
489758,Marin,Hempstead,Development
489669,Danny,Businaro,Development
489692,Amabile,Farrar,Development
489751,Masali,Feldmann,Development
489782,Jiong,Schnabel,Development
489823,Xiaoheng,Bugrara,Development
489901,Guther,Schaad,Sales
489835,Chinho,Fortenbacher,Development
489860,Paloma,Verhoeff,Sales
489953,Valeska,Collavizza,Development
489985,Atreye,Mandelberg,Development
489986,Remco,Impagliazzo,Sales
489988,Girolamo,Henders,Sales
489862,Franziska,Kornatzky,Development
489993,Satyanarayana,Pena,Development
489880,Nevio,Pearson,Sales
490003,Owen,Escriba,Sales
489885,Heng,Guting,Development
489893,Yuriy,Niizuma,Development
490037,Jagoda,Varman,Sales
490041,Manohar,Heuter,Development
490044,Huiqun,Ginneken,Sales
490071,Claudi,Comte,Development
490181,Thodoros,Chelton,Development
490195,Takanari,Schurmann,Development
490204,Abdelaziz,Waymire,Sales
490214,Guttorm,Thimonier,Development
490215,Dannz,Bennis,Sales
490226,Kristinn,Syang,Sales
490242,Padma,Jeansoulin,Sales
490250,Elvis,Baez,Sales
490251,Youssef,Zweizig,Sales
490102,Oguz,Gulik,Development
490276,Gudjon,Hutton,Development
490104,Adhemar,Lowrie,Sales
490109,Kitty,Serre,Development
490310,Monique,Camarinopoulos,Development
490140,Dmitri,Pramanik,Development
490149,Uli,Zhang,Development
490468,Fayez,Vidal,Sales
490397,Sorina,Heuter,Sales
490398,Valeska,Ozeri,Development
490406,Zhongwei,Rubsam,Sales
490410,Teunis,Uehara,Development
490420,Lansing,Heuser,Development
490438,Kamran,Azadmanesh,Development
490522,Masasuke,Rossi,Sales
490453,Eckart,Baik,Development
490552,Emran,Backhouse,Development
490572,Changho,Rullman,Development
490614,Siddarth,Norsworthy,Sales
490616,Taiji,Stifter,Sales
490619,Flemming,Orsini,Development
490630,Sadok,Lenart,Sales
490640,JoAnna,Puoti,Sales
490581,Greger,Ghemri,Sales
490653,Patricio,Zwicker,Development
490660,Ramzi,Haddadi,Sales
490594,Gadiel,Bugaenko,Development
490770,Xuejia,Schiper,Development
490713,Reuven,Strandh,Sales
490730,Francesca,Chimia,Sales
490740,Remko,Haraldson,Development
490875,Kwun,Peyn,Sales
491053,Martins,Armand,Development
490930,Tua,Godskesen,Sales
490966,Godehard,Limongiello,Development
490979,Shir,Heping,Development
490982,Mountaz,Feinberg,Sales
491008,Kristian,Koblick,Development
491024,Lubomir,Pietracaprina,Development
491025,Garnik,Kroon,Sales
491028,Deniz,Kaltofen,Sales
491074,Kien,Baar,Sales
491099,Jovan,Iacovou,Sales
491117,Makato,Liedekerke,Sales
491130,Sven,Speek,Sales
491213,Shaowei,Angot,Sales
491135,Changho,Morton,Development
491217,Ottavia,Makinen,Development
491219,Henk,Gide,Development
491222,Narain,Kemmerer,Development
491165,Subhrajyoti,Zizka,Development
491251,Maria,Nishimukai,Development
491253,Duro,Pfau,Development
491325,Herbert,Ruemmler,Development
491269,Jixiang,Egerstedt,Sales
491278,Chanjung,Vesna,Development
491282,Khun,Thorensen,Development
491287,Marin,Bodoff,Sales
491459,Jiann,Gewali,Sales
491465,Ramzi,Karner,Sales
491466,Reinhold,Rettelbach,Sales
491533,Kiam,Schlegelmilch,Development
491547,Krassimir,Matzat,Development
491555,Vasiliy,Tibblin,Development
491562,Ewing,Denis,Sales
491594,Sumant,Trachtenberg,Development
491612,Kien,Horswill,Sales
491636,Janche,Esposito,Development
491719,Steen,Collette,Sales
491733,Arie,Swick,Development
491754,Kiyokazu,Rouquie,Sales
491799,Zorica,Peck,Sales
491816,Yongdong,Krider,Development
491851,Jaihie,Braccini,Sales
491326,Munehiko,Welham,Sales
491415,Sanjoy,Nations,Sales
491892,Arfst,Gruenwald,Sales
491943,Moon,Lovengreen,Development
491958,Basim,Lorin,Sales
491977,Jinya,Scharstein,Development
491987,Francoise,Foong,Sales
491426,Ravishankar,Roccetti,Sales
492013,Muzhong,Bugrara,Sales
491433,Remzi,Bodoff,Sales
491436,Taisook,Vecchi,Development
492170,Sakthirel,Ushiama,Sales
492181,Lech,Turnbull,Development
492204,Vitaly,Ulupinar,Development
492058,Jaques,Menyhert,Sales
492067,Zito,Eppinger,Development
492107,Mart,Kitsuregawa,Development
492278,Chinhyun,Delgrange,Sales
492152,Lubomir,Siprelle,Development
492297,Niteen,Ciolek,Development
492303,Fun,Reistad,Sales
492468,JoAnna,Fargier,Development
492323,Houman,Stanfel,Sales
492335,Khedija,Thorensen,Development
492337,Greger,Junet,Sales
492341,Odysseas,Menhardt,Sales
492376,Fuqing,Pagter,Development
492377,Jianhua,Pollacia,Sales
492383,Mari,Gadepally,Development
492472,Youngkon,Peyn,Development
492479,Otilia,Salinas,Sales
492493,Yucai,Maliniak,Development
492431,Hsiangchu,Verhaegen,Sales
492533,Xiaoheng,Busillo,Sales
492561,Mantis,Wielonsky,Development
492587,Kirk,Salverda,Development
492799,LiMin,Ramsak,Sales
492612,Guangming,Matzke,Sales
492614,Xiaoshan,Frolund,Sales
492615,Navid,Assaf,Development
492633,Taiji,Malinowski,Sales
492638,Shaowen,Chinin,Development
492647,Leen,Madeira,Sales
492671,Zengping,Docker,Sales
492678,Kazuyasu,Pettis,Sales
492694,Boutros,Weedman,Development
492700,Morrie,Yemenis,Sales
492835,Khaled,Khalil,Sales
492711,Zita,Marshall,Sales
492731,Valery,Valiente,Development
492868,Abdelkader,Trumbly,Sales
492875,Sasan,Milicia,Development
493026,Jiang,Swen,Development
492883,Kwangho,Fontet,Development
493037,Elrique,Schwaller,Sales
493057,Lijia,Monarch,Development
492912,Noritoshi,Braunmuhl,Development
493068,Navid,Malinowski,Development
493084,Tua,Rodite,Development
492938,Kazuhide,Spieker,Development
492950,Theron,Wilfing,Sales
493116,Pintsang,Heping,Development
492989,Marjo,Byoun,Development
493008,Yagil,Lanphier,Sales
493012,Satyanarayana,Georgatos,Sales
493117,Moie,Ullian,Development
493150,Toshiki,Zockler,Development
493163,Eirik,Shrader,Development
493352,Thodoros,Sigstam,Development
493182,Tze,Staelin,Development
493191,Margareta,Rusterholz,Development
493199,Gila,Gist,Development
493211,Rosalyn,McDermid,Development
493230,Branimir,Picel,Development
493276,Keiichiro,Zirintsis,Development
493353,Hiroyasu,Sadowsky,Development
493285,Gennady,Syrzycki,Sales
493286,Maha,Riesenhuber,Development
493368,Siddarth,Orsini,Development
493297,Roddy,Kusalik,Sales
493375,Juichirou,Slobodova,Development
493378,Demos,Flexer,Sales
493407,Tua,Gargeya,Development
493594,Jayesh,Barvinok,Development
493448,Alper,Swist,Development
493453,Fai,Waleschkowski,Development
493464,Bader,Tsunoo,Sales
493509,Zito,Rande,Development
493515,Volkmar,Bade,Development
493556,Roddy,Yurek,Development
493557,Froduald,Renear,Sales
493569,Mikhail,Salvesen,Sales
493576,Margareta,Prochazka,Sales
493610,Barry,Pena,Development
493581,Shaibal,Nooteboom,Development
493642,Sanjai,Baig,Sales
493671,Mikhail,Chiola,Sales
493681,Baocai,Mersereau,Development
493720,Juyoung,Sridhar,Sales
493721,Serif,Zielinski,Development
493725,Anneke,Jeansoulin,Sales
493758,Miomir,Biron,Development
493903,Takahiro,Kornyak,Sales
493761,Giap,Arlazarov,Sales
493800,Constantine,Zallocco,Sales
493805,Shim,Yeung,Development
493808,Constantijn,Mukaidono,Development
493811,Maja,Asser,Development
493812,Bernardo,Brizzi,Sales
493822,Yechezkel,Chappelet,Development
493854,Qunsheng,Melski,Development
493910,Marl,Swick,Development
493862,Weiye,Radivojevic,Sales
493916,Kristen,Jayawardene,Development
493949,Zhenhua,Terlouw,Sales
494166,Marit,Khalid,Development
494099,Waiman,Irland,Sales
494105,Mabhin,Himler,Sales
494219,Ekawit,Papsdorf,Development
494128,Brewster,Chiodo,Sales
494136,Florian,Edelhoff,Sales
494149,Gully,Hoppenstand,Development
494155,Byong,Schwabacher,Sales
494156,Pohua,McFarlan,Development
494316,Dekang,Merlo,Sales
494327,Lillian,Nitto,Development
494375,Kwun,Shackell,Development
494400,Yongqiao,Schicker,Sales
494423,Izaskun,Guenter,Sales
494425,Mong,Heping,Sales
494428,Manton,Selvestrel,Sales
494460,Horward,Jervis,Sales
494473,Aamod,Suri,Development
494479,Anoosh,Thibadeau,Development
494483,Lech,Cannard,Development
494524,Toshiko,Jonsson,Development
494222,Masali,Perfilyeva,Development
494273,Shahab,Rotem,Sales
494574,Gudjon,Renear,Development
494583,Lalit,Stenning,Development
494300,Zeljko,Oberman,Sales
494585,Tomokazu,Erie,Development
494586,Youngkon,Bala,Development
494736,Mototsugu,Picht,Development
494610,Arie,Mandelberg,Development
494798,Amabile,Openshaw,Development
494644,Steen,Langford,Development
494835,Yongqiao,Compeau,Sales
495014,Shaz,Murtagh,Development
494722,Joydip,Bhattacharjee,Sales
494881,Zhongwei,Peres,Development
494885,Demin,Eterovic,Sales
494899,Magy,Orlowski,Development
495015,Ghassan,Sudbeck,Development
495020,Gregory,Miculan,Development
494909,Genta,Liedekerke,Sales
495033,Gal,Halloran,Sales
494923,Gudjon,Pardalos,Development
494927,Wojceich,Rosay,Development
495052,Mihalis,Matheson,Development
494951,Emran,Waleschkowski,Sales
495054,Yurii,Einsfeld,Development
494961,Xumin,Denna,Development
495059,Barna,Quaggetto,Development
494969,Mabry,Ullian,Development
495061,Wojceich,Zirintsis,Sales
495073,Toshimori,Fontan,Sales
495111,Yannik,Stavenow,Development
495007,Moni,Borovoy,Development
495112,Shigeaki,Lorch,Development
495117,Hironobu,Masamoto,Development
495136,Barna,Sherertz,Sales
495164,Nahid,Krupka,Development
495144,Katsuo,Vidya,Sales
495183,Dhritiman,Heping,Development
495317,Maia,Jiang,Development
495206,Uri,Puoti,Development
495216,Jiafu,Uhrik,Development
495318,Reinhard,Kornatzky,Sales
495319,Toong,Kisuki,Development
495367,Arnould,Parveen,Development
495248,Baocai,Weisert,Sales
495249,Maren,Joslin,Development
495277,Shaunak,Dalphin,Development
495287,Babette,Fontet,Sales
495294,Zhigen,Desikan,Development
495382,Radhia,Rattan,Development
495394,Goh,Impagliazzo,Development
495415,Tadanori,Lammel,Sales
495459,Leen,Genin,Sales
495426,Leon,Pellegrinelli,Sales
495470,Elgin,Erev,Development
495437,Shahar,Bazzichi,Development
495595,Hideo,Herber,Sales
495487,Perla,Kuhnemann,Development
495502,Hauke,Pearson,Development
495509,Zijian,Chaudhuri,Development
495599,Muzhong,Delgrande,Development
495518,Khosrow,Magalhaes,Development
495605,Nobuyoshi,Imataki,Sales
495523,Kristen,Standera,Development
495615,Tetsushi,Rosis,Sales
495650,Vishwani,Colorni,Development
495543,Lorien,Cangellaris,Sales
495552,Shrikanth,Mandell,Development
495666,Angus,Kowalchuk,Development
495681,Leucio,Georgakopoulos,Development
495697,Mona,Ramamoorthy,Sales
495711,Kiyomitsu,Muchinsky,Development
495718,Xianlong,Vitiello,Development
495869,Shai,Pluym,Sales
495750,Naftali,Attimonelli,Development
495755,Jiang,Erni,Sales
495874,Youngkon,Chenney,Sales
495776,Lijia,Swiss,Development
495884,Moto,Kragelund,Sales
495895,Yuichiro,Heemskerk,Development
495896,Udaiprakash,Hemaspaandra,Sales
495925,Guttorm,Bage,Development
495836,Tetsushi,Sommer,Development
495841,Ashish,Jansch,Development
495844,Fumiko,Impagliazzo,Sales
496150,Dmitry,Marrakchi,Sales
496012,Takushi,Swan,Development
496032,Trygve,Tischendorf,Sales
496039,Masamitsu,Bellone,Sales
496045,Marco,Baik,Development
496174,Mary,Staudhammer,Sales
496180,Alassane,Siepmann,Development
496077,Anyuan,Albarhamtoshy,Sales
496078,Chuanyi,Kabayashi,Development
496192,Qunsheng,Weedman,Development
496195,IEEE,Thibadeau,Development
496252,Marc,Weedman,Sales
496107,Vitaly,Shobatake,Development
496143,Somnath,Driscoll,Development
496265,Aran,Emden,Sales
496288,Chriss,Gecsel,Development
496472,Gilbert,Carrere,Sales
496304,Phuoc,Kruskal,Development
496326,Xuejun,Angelopoulos,Sales
496341,Oddvar,Rosay,Sales
496480,Wilmer,Farrow,Development
496484,Vugranam,Attimonelli,Development
496523,Idoia,Ranze,Development
496400,Naftaly,Eiter,Sales
496558,Yahiko,Niizuma,Sales
496741,Naftaly,Verhaegen,Development
496583,Toshiki,Shinomoto,Sales
496620,Hidde,Swab,Development
496623,Peer,Honglei,Sales
496773,Shaunak,Baak,Sales
496641,Rayond,Meriste,Development
496647,Branimir,Tchuente,Development
496662,Malu,Oskamp,Development
496668,Sakthirel,Hockney,Sales
496778,Zijian,Ghazalie,Sales
496781,Ronnie,Peris,Sales
496829,Shaleah,DeMori,Sales
496868,Fun,Klyachko,Sales
496882,Abdelghani,Vural,Sales
496892,Moss,Holburn,Development
496832,Fen,Wixon,Development
496834,Gully,Heping,Development
496836,Khoa,Fairtlough,Development
496928,Chikara,Ohori,Development
496847,Vivian,Merle,Development
497023,Jamaludin,Nooteboom,Sales
496944,Denis,Fortenbacher,Development
497081,Zhanqiu,Ginneken,Development
497088,Alassane,Picco,Sales
497151,Lijia,Litzkow,Sales
497100,Martial,Miara,Sales
497160,Heon,Thiran,Sales
497113,Edwin,Orlowski,Sales
497183,Qingxiang,Stassinopoulos,Development
497188,Douadi,Pokrovskii,Development
497125,Rayond,Veevers,Development
497307,Takahiro,Collette,Sales
497235,Dzung,Molenkamp,Sales
497239,Sivanarayana,Dymetman,Development
497245,Lech,Engelmann,Development
497261,Mohammad,Pillow,Development
497331,Toshimori,Snyers,Development
497274,Jixiang,Serre,Development
497396,Susanna,Taubman,Development
497431,Mabo,Ruemmler,Development
497448,Karsten,Suwa,Sales
497460,Mani,Jakobus,Development
497464,Karoline,Billingsley,Development
497404,Shigeaki,Coorg,Development
497492,Junichi,Validov,Development
497412,Kankanahalli,Kamble,Sales
497578,Vasilis,Eterovic,Sales
497526,Arup,Vigier,Development
497538,Zhiwei,Kuhnemann,Sales
497555,Zdislav,Eiter,Development
497565,Dinah,Basart,Development
497589,Duri,Mattern,Development
497628,Mari,Gecseg,Development
497735,Serenella,Percebois,Sales
497638,Kinh,Chachaty,Sales
497693,Tsutomu,Ciolek,Sales
497751,Kiyotoshi,Verhoeff,Development
497800,Nishit,Zambonelli,Sales
497811,Sajjad,Vickson,Sales
497700,Weiyi,Rattan,Development
497876,Moni,Kavanagh,Sales
497829,Shaleah,Carrera,Development
497844,Amabile,Teitelbaum,Development
497845,Nirmal,Ramaiah,Sales
497925,Basim,Gonthier,Sales
498024,DAIDA,Escriba,Development
497968,Tesuro,Androutsos,Development
498031,Mircea,Shackel,Development
498082,Breannda,Czaja,Development
497972,Zijian,Winter,Development
497984,Chinhyun,Schrooten,Development
498090,Marc,Fujisawa,Development
498137,Christfried,Etalle,Development
498150,Yakkov,Pellegrinelli,Sales
498165,Christoph,Stavenow,Sales
498183,Sreekrishna,Daescu,Development
498281,Tomokazu,Basawa,Development
498289,Spyrose,Schmezko,Development
498203,Visit,Guardalben,Development
498314,Zita,Liesche,Development
498211,Jasminko,Serra,Development
498214,Toshimori,Cronin,Development
498231,Randy,Keirsey,Development
498240,Cheong,Falster,Development
498248,Munir,Suwa,Sales
498360,Tomokazu,Fioravanti,Development
498362,Pintsang,Benzmuller,Development
498265,Kirk,Ranai,Development
498450,Abdulah,Gammage,Development
498389,Minghong,Bennis,Development
498391,Kristina,Lagarias,Sales
498397,Khue,Jiang,Development
498477,Conrado,Merro,Development
498478,Kwee,Feldmann,Sales
498494,Mack,Orlowska,Development
498499,Gal,Coorg,Development
498517,Joydip,Hanabata,Development
498607,Zhiguo,Zuberek,Sales
498561,Dines,Shanbhogue,Development
498613,Adas,Hofmeyr,Sales
498617,Udi,Billawala,Development
498619,Prodip,Setlzner,Development
498719,Cordelia,Zockler,Development
498723,Wojceich,Vernadat,Development
498670,Aram,Menyhert,Sales
498729,Eberhardt,Servieres,Sales
498736,Yuping,Hofman,Sales
498680,Jaewon,Vadhan,Development
498766,Kousuke,Zschoche,Development
498684,Olivera,Argence,Development
498696,Macha,Zockler,Sales
498814,Alagu,Gecsei,Sales
498847,Elvia,Kavanagh,Development
498854,Vishv,Ventosa,Development
498862,Zissis,Ranum,Sales
499035,Lene,Neiman,Sales
498888,Bodh,Jervis,Development
498906,Abdulla,Bugrara,Development
498923,Shuky,Itzigehl,Sales
498939,Sushant,Chappelet,Development
498959,Chenye,Badache,Development
499080,Dharmaraja,Marciano,Development
499134,Xinan,Rosch,Development
499091,Elvis,Kohling,Development
499275,Shridhar,Zlotek,Sales
499168,Muneo,Peltason,Development
499177,Masadi,Peres,Development
499197,Akemi,Rajaraman,Development
499292,Sarita,Schiettecatte,Sales
499206,Dmitry,Kohling,Sales
499213,Badri,Eugenio,Sales
499312,Patricio,Sankaranarayanan,Development
499229,Babette,Stille,Development
499230,Pranav,Beutelspacher,Development
499231,Padma,Hofmeyr,Sales
499318,Hideyuki,Ozeki,Sales
499238,Jordanka,Wallrath,Development
499239,Kish,Rouquie,Development
499347,Ugo,Schwartzbauer,Sales
499379,Denny,Rikino,Sales
499420,Sangeeta,Impagliazzo,Sales
499438,Tse,Kalsbeek,Development
499444,Radoslaw,Hofting,Sales
499456,Stamatina,Melski,Development
499486,Sumali,Dayana,Development
499496,Demin,Oskamp,Development
499410,Sailaja,Benzaken,Development
499503,Arra,Karner,Development
499516,Goncalo,Kampfer,Development
499519,Tamiya,Monarch,Development
499563,Martine,Markovitch,Development
499539,Palash,Puoti,Development
499548,Aloys,Bale,Development
499566,Djelloul,Deverell,Development
499575,Jacqueline,Kisuki,Sales
499580,Karsten,Perri,Development
499588,Maya,Sidje,Development
499608,Reuven,Genin,Development
499720,Mats,Strandh,Development
499643,JiYoung,Skafidas,Development
499671,Jayesh,Ambroszkiewicz,Sales
499782,Udo,Trystram,Development
499797,Wayne,Hutter,Development
499681,Kazuhito,Heemskerk,Sales
499816,Debatosh,Murtagh,Development
499688,Bingning,Perin,Sales
499817,Lihong,Pusterhofer,Sales
499689,Kinh,Sommer,Sales
499920,Christ,Murtagh,Sales
499986,Nathan,Ranta,Sales
499927,Manohar,Heemskerk,Development
499937,Pantung,Litzler,Development
499966,Mihalis,Crabtree,Sales
